2492 259
303 1989
5860 1665
14527 15194
7350 13484
3282 2835
2568 4422
9315 15505
9822 9378
4422 3032
13754 3696
4789 11629
4021 3397
4178 2492
4378 16772
7545 3282
10267 306
2837 16924
6363 8244
6490 3049
6363 6999
10665 9861
4427 19084
89 1399
4021 3108
3403 4422
5858 6942
3099 105
4624 3407
4387 2648
14027 3172
7625 8233
3099 8811
18102 2680
7621 19064
8166 10725
10172 8912
1408 5839
2735 15505
3247 427
2412 6877
2598 3146
8628 8912
15382 15431
8234 6604
16259 16086
1039 11629
7784 18705
4671 7358
2591 15934
3319 2766
19006 4536
12340 10962
2835 1039
675 8912
8231 6621
10645 15841
4145 2763
8115 673
1186 2821
15536 15783
1989 3945
303 6883
3858 9132
7559 3099
6490 427
3605 2492
4212 3913
5860 9095
3917 3214
4125 3876
3079 4502
6451 2440
3247 4536
4833 6282
22 15051
9095 16602
2721 9091
2020 8776
2522 3634
427 11183
9026 4740
6942 3199
2591 2701
14797 4515
124 1031
3032 4609
3056 3144
12357 17281
4624 8166
1255 582
6365 7834
13714 13754
2837 16751
6982 18512
2625 2648
2886 1658
598 4610
13040 7979
1183 2821
6977 7216
3393 4024
9977 15378
427 3108
12596 382
381 7253
13383 11536
3282 18805
2992 2910
12267 11240
2870 3634
12997 14797
2884 6418
5269 10162
1215 9026
4554 2852
11190 16434
4625 2767
6335 13623
13958 6188
18896 789
6621 8234
4655 4861
4387 4810
2699 6991
15618 3876
7473 673
3885 4257
12078 15840
6451 5859
14797 2249
582 7788
7253 3066
4121 3795
1237 2591
4944 19929
9095 2522
7678 10147
6895 4833
14052 15505
3258 6451
2740 3383
4387 4811
13409 7005
3065 10967
8200 8390
2020 7587
12819 13508
827 8713
3333 18248
16486 14996
19040 6991
15719 3018
16544 1566
4624 6877
3817 4342
6451 4538
3099 4709
427 3066
19500 15327
4538 6601
13944 13988
15078 15177
7030 582
3857 2811
2699 3121
16313 16119
14507 15270
11136 3126
4124 2886
3144 3056
2591 6393
9026 13412
3347 4342
4789 582
16187 16182
3099 4398
4536 3642
4920 6103
2704 15792
3282 7545
199 15842
6474 8806
14797 11812
19217 4652
7670 2981
564 8776
8166 2591
2941 8166
1988 10160
6796 7983
3696 13754
2820 4799
3282 16469
5471 8166
306 3634
7251 8847
10558 12357
13715 4008
8637 18618
16090 16134
14835 14097
16252 16068
6490 3108
4534 2631
7700 13508
18108 2735
2492 3605
19046 18921
11252 18321
4895 2767
4494 4145
2020 9659
3716 17251
3213 2735
10127 10013
8674 6483
15049 14165
2591 18369
6942 9585
18108 6433
7858 18512
11648 8166
4071 2598
8863 6527
4024 4769
7673 3941
4904 7769
1152 2026
8063 3941
8277 8099
19929 4944
18736 6430
8814 673
4067 4422
7532 8623
10166 884
19007 4536
8232 6623
6490 14797
11252 5859
7504 4111
6490 3099
19084 3959
3282 7724
7013 6980
7026 2680
18897 2732
18114 6452
8462 1215
6370 8637
19261 19189
2522 8836
319 10356
10126 9849
5860 6451
3244 2816
19327 3282
12924 15841
19720 19992
18898 4629
10154 6363
8027 15474
13872 1979
18102 18114
6877 3283
8863 8234
7670 2701
5742 2829
7731 7787
3605 13559
10900 10763
6366 7834
11624 2633
1215 16611
10952 3874
12923 12239
4662 3672
17227 4443
13470 2633
16469 2530
3282 19327
14537 14010
11951 10810
1215 6878
1342 1879
17251 2766
4340 3350
2549 381
15555 15689
2885 3282
4623 3407
6877 6904
4008 7769
9095 8027
13754 7280
7987 8226
381 3874
3605 382
259 8713
4178 4238
12167 11183
2591 14797
15566 15463
6745 3289
4769 7320
3874 4582
7769 3634
9026 3282
3319 3835
19260 18102
15982 18987
8637 3283
18642 18538
7532 4709
9765 7253
6506 15688
7697 1989
381 3282
3282 1659
11136 6942
7621 7700
3666 6428
11648 884
14763 14844
319 9630
58 12357
16498 3604
6937 8885
16468 16396
1637 1988
19648 19772
15268 14507
5253 1198
18026 13481
8637 6192
11096 15688
3261 3166
4343 3350
7545 6601
13956 3485
303 1215
7384 7834
7384 6895
4769 4920
2766 2672
5834 4354
3874 1962
1031 124
19971 19884
4422 6998
4671 8853
15555 3099
6385 8234
14010 14538
16313 4833
10195 9511
17935 6396
7336 8298
19502 9660
15841 7290
19018 6370
9095 11648
18248 19064
7988 7277
2545 7787
13484 8637
3817 3347
3774 4387
7152 8350
12891 10757
17805 6218
2709 6418
306 1886
11535 19066
2120 90
13191 1622
8594 1215
8713 3099
13754 8776
3684 4554
7358 8652
7324 1664
6895 8165
8250 3229
8905 8912
8120 6366
3890 18674
2591 4428
2680 18102
2735 18108
2884 13754
5668 7154
3857 2767
18108 3042
58 154
6611 17000
8905 16771
9095 9720
3491 6937
6513 7340
1622 1455
4515 1994
4525 14101
46 4387
13715 13754
9861 10127
5668 7004
2680 7350
2572 3031
875 760
3925 2812
11624 15451
3213 3055
113 4052
427 2522
1568 6451
10408 9545
14052 2537
6755 7053
4208 8250
3258 17641
46 2697
4609 3032
6616 13754
8527 14052
7285 6603
2835 1248
3149 3056
2505 6370
11632 12621
10245 14534
427 11535
6796 8472
3282 17819
8471 6385
199 10103
13705 8004
16219 16234
19007 3247
7551 3185
153 10
6942 6883
5860 7387
6862 7419
15612 11913
8120 6365
7152 15801
9247 12965
15804 15556
7626 8077
8526 4955
303 9026
19956 259
1399 2039
10109 19811
13764 8564
7833 6444
22 88
19040 1521
2760 4067
9630 11613
1237 4443
3079 4501
10354 6218
11351 6755
90 2120
2020 11136
7350 1989
8776 564
3128 3003
8027 6451
9196 3858
1622 3890
8166 7979
8195 1521
8628 6980
1521 2249
11629 12681
8221 3048
2909 3261
7002 12216
9286 9439
15269 14507
18822 3396
10777 5859
827 4405
14797 3634
16243 16175
8115 3397
1622 6942
7905 6991
10153 6363
4795 16790
8862 6621
8063 14797
1255 11648
13839 14349
8390 8200
9315 1989
7350 13622
17251 7963
1693 7892
8331 7007
7684 13481
18980 19093
18691 13412
6756 9756
8303 2941
13797 1521
19635 19971
8557 6630
15379 19084
16060 16031
11862 12239
8527 5570
3202 1255
381 6942
9499 10124
427 1255
3941 306
2522 7387
6883 1994
2545 7731
5860 7788
8862 6531
19193 8115
7342 11136
2737 2049
6621 6531
4212 3909
7003 8329
3795 1083
10558 11364
11624 4511
5250 1198
15536 15447
14993 8783
4387 18248
3407 3859
8863 8233
18920 2020
6991 6451
8683 582
14797 16377
9026 9650
4443 4896
4769 15644
3173 2873
8912 11535
15841 6994
4402 2934
1962 2522
14763 15186
293 760
7641 7183
7455 6456
1622 8524
6282 673
7979 3143
11535 2269
673 10103
7532 17932
6542 7568
19261 18920
5859 6922
3193 2648
2633 13559
5668 7007
3229 8489
14835 14882
16071 16322
9637 9849
2537 6451
8166 5742
11535 4920
18102 18002
15521 251
13849 3705
11535 7254
4623 2732
12357 14797
7009 3283
3875 4769
8120 6364
6942 510
2722 5423
7621 6930
2591 3185
8861 8234
17094 9512
789 6103
8861 6529
7304 7009
3046 2864
3396 4225
3249 2766
3874 2701
18000 18114
18642 18536
8732 8374
382 18674
3249 2829
17935 7254
4624 2732
8676 2941
90 2122
2009 3489
14797 4833
65 154
3283 15612
7979 19167
10356 319
3333 3066
11648 6991
8977 7358
4830 9095
1447 2545
3667 10195
16158 16152
760 271
8234 6531
10777 11252
18108 18736
8862 6529
7642 7183
10103 8639
8116 5471
18897 3066
19325 4895
3393 4225
3283 7911
6670 8200
6942 7477
8232 6604
3393 3642
6942 278
2898 13161
8905 8637
3194 7700
3031 4387
7795 2269
7253 9765
89 1400
2497 4798
16602 19348
12273 18929
14349 13840
8776 1767
3098 3082
1400 14633
7048 3611
6531 8234
2883 2864
6641 2701
7216 6977
13481 9095
4208 9095
16305 121
675 4387
19398 8914
6883 7358
3031 3773
6896 6444
16337 16092
7405 8674
3099 6855
381 11613
16169 16314
4702 4431
6979 7725
3634 3672
18102 15719
827 8386
17805 11136
14507 14096
4652 19089
7769 11134
9417 6942
8120 6896
2662 3790
18369 3334
8862 8233
4894 4443
18346 17281
7532 7009
2368 303
8848 3174
7697 6942
7559 7009
1988 7346
3941 13559
4568 4431
4502 3079
8713 7724
18272 8931
9637 9861
7888 7911
8166 274
1186 2026
22 87
7673 2981
2941 18936
8863 6529
6755 3945
2765 2672
4492 4145
8861 6531
15746 6363
9343 6942
5668 1962
9095 12357
7861 3974
4702 4568
2704 1886
6720 8004
14419 4945
16062 16242
2449 5851
9637 10127
9585 3876
1916 1039
3066 1447
16227 16084
8938 13043
10132 13484
3202 3244
19263 18920
1179 6433
7559 8166
2837 16999
19066 19084
7980 7725
13559 8350
6456 7454
884 13481
15505 7788
6527 6621
7202 4538
7784 8805
2774 16437
7156 8191
3396 7587
3403 2761
9765 381
3917 19084
13484 3393
19635 19884
5668 15561
7865 827
9260 4223
3350 3817
4428 2699
13140 884
8776 7349
7497 9440
9374 9467
3583 4500
7851 11183
7532 382
6218 6282
7979 6755
14998 14182
884 8912
18897 2624
9095 582
15841 3770
199 10952
5860 2761
6528 13457
8905 2591
4833 8886
8166 12078
7621 6929
2761 3087
6433 7253
7627 7108
4354 5834
8861 8233
2699 10645
6858 3050
6991 7387
3229 15668
6218 884
7580 11430
13481 2740
8713 673
12891 11793
6877 2818
14052 18521
4539 17641
4609 2835
427 6330
1151 1183
6883 1622
2735 9315
19007 4280
19348 9585
3684 3562
10450 8063
14853 2281
7338 7911
7580 3882
9637 10665
4297 3046
8863 8231
14797 8580
12792 9095
6355 7055
2498 2250
3282 6979
87 24
88 24
11860 12990
18002 7152
13484 1989
3396 18822
17181 3672
5027 5109
6363 6473
8250 11136
3282 4225
3696 2884
15505 1447
8627 6576
884 427
15091 153
13484 3874
3108 1521
382 15842
10665 9849
7253 18108
1995 2306
4398 3668
3945 3185
9638 9404
18248 4387
2672 2766
7587 3396
6483 6756
367 686
3003 1039
15934 11465
1878 1342
4178 2873
3249 2672
3672 4662
9650 8594
9542 10408
7545 7725
8492 6801
6895 7834
11629 582
18102 3605
9252 9941
13756 6742
13754 2498
19006 3247
6451 7313
11648 4789
3033 4402
226 19376
13367 9417
5570 18102
7621 4221
6792 7367
2660 3588
3657 8364
9690 9439
8637 4833
2592 1237
10169 5860
675 2836
12357 827
6860 9756
7861 13481
7030 17281
4555 14698
2591 1215
4965 3229
1215 15474
7504 8713
17000 18102
4663 2522
15447 15536
10127 10665
8905 8200
1989 8847
10253 9440
14662 14531
2633 3959
1255 884
6282 13484
8074 7851
4327 4901
5310 9513
16923 4535
7356 8095
14908 673
8628 9296
4904 2941
3230 15668
4655 3677
18102 3634
16669 9795
8364 3657
18730 18539
381 17805
2632 7673
7004 8191
6592 1248
4671 3229
14765 2351
3941 884
14885 13992
7464 7086
7621 4124
3282 303
6364 7834
4920 6218
4955 7533
9690 9286
2835 4609
7120 9296
382 8166
4238 3173
9095 4789
7026 7889
3202 3591
13484 265
884 4405
44 3696
13714 4008
2368 1989
19391 3936
2632 3049
8905 1989
3874 10103
7350 8527
2039 16437
6631 8935
6363 15744
4495 13775
2051 6878
8905 6982
13484 14797
15832 2530
16504 14026
13484 6282
10058 8345
7788 5860
8913 7822
19619 19778
14662 14767
9377 9290
9650 3282
13738 1004
2122 90
14763 15185
2701 2981
13649 7618
7132 12357
6877 11535
673 9484
3202 3593
4833 4904
2522 6883
12273 18930
381 13484
4566 3315
2412 12357
3244 2948
12361 13435
3126 11136
3128 7587
1179 18736
6883 6218
3042 3222
18920 19167
827 382
3033 2761
8082 8862
884 18975
12506 7356
13869 1979
15521 15841
3031 4609
9499 10125
4024 3588
673 1039
19887 19624
8628 19887
1989 16434
13481 17000
19167 8027
2735 8637
15025 14032
8200 6670
4624 18705
1035 19084
