673 6858
6895 8165
8861 6529
6444 8045
2628 3723
6490 8063
6621 6531
7009 1979
3857 2767
8232 7625
7227 7439
111 3909
8862 6531
1363 2122
4609 3032
3396 2660
7542 3696
3684 4554
1004 1994
7358 1637
8156 947
1215 6878
6794 9095
7654 317
3282 2835
3926 2812
7980 7725
9343 6942
1994 8165
1989 3393
2836 4609
8674 3038
2537 3055
9095 8836
3108 4962
6991 635
3583 2630
90 2122
44 3696
2613 4231
7970 2941
2522 6883
7235 1052
8082 8862
5860 3888
3666 6428
3143 2633
8623 6862
2883 8118
6860 9756
6883 1994
6218 6282
9095 6794
1376 1506
7387 3003
4624 8166
111 4213
6396 6451
7254 7138
4067 4422
6620 7861
2997 3206
2648 2705
6370 8637
8863 8234
6942 510
5693 6216
4428 3874
8390 8200
4833 7313
6363 6999
8158 4594
7048 3611
3229 4965
9637 9849
8637 3283
2680 2591
9247 1627
6282 7987
4387 2648
978 1060
3185 7866
7446 6746
8027 7344
8077 7908
7246 7851
8791 7792
5325 5187
4624 2732
4538 6601
8342 4833
2591 4428
7669 8841
9286 9439
4494 4145
8115 4962
3583 4502
3722 2630
1447 6370
3049 6395
1995 2306
3202 3591
3910 111
7013 2269
675 8912
884 6416
2591 8368
2765 2672
2977 8168
8331 7157
3334 9456
3583 2997
6472 2591
1154 3622
427 2522
3874 3283
9513 8387
6474 8806
6282 224
2056 2052
8814 673
4655 4861
1622 8524
2806 3875
4125 3876
8234 7625
7185 7280
8689 5471
4754 2769
9512 9809
8301 582
6451 3634
3590 6452
3773 2269
4402 4609
3143 2735
7095 1616
3046 7155
3333 6370
582 9628
7320 1255
8624 7678
1978 7253
4343 3350
6858 7094
7670 2701
3348 4024
2943 9448
7769 3634
3917 4067
1152 2026
2699 2732
884 857
2721 9091
2613 4500
2941 4522
1447 7840
6385 6444
8862 8233
7030 7152
3202 3244
760 271
8776 1767
6529 7625
7621 4124
6781 6857
7860 415
3042 3222
46 4387
6623 7625
7202 4538
6490 3099
6991 6877
6877 6904
6511 3605
3403 4422
6490 7468
9659 1408
8290 9978
8713 7207
2766 2701
629 6991
2765 3859
2702 2732
2740 3383
6192 3283
7219 4512
2891 5935
7280 4905
673 8859
6103 431
6656 9260
2897 259
4910 105
8354 9606
5860 6451
6956 6472
6859 7094
8120 6365
8613 6391
3282 7724
2735 9315
3605 2492
113 4052
6472 1039
2934 2775
7004 8191
6942 960
3881 3672
2613 2630
1364 2122
6592 1248
7455 6456
4868 3653
3099 105
3396 4225
827 8386
792 8195
3605 382
5325 5178
2545 7080
4920 6484
3667 4126
7036 1300
3958 3482
3033 4402
8674 6623
7532 382
6942 7477
7621 6929
4578 7380
381 3282
3677 9630
4387 3031
8861 8234
7106 8459
4494 2566
8444 8185
46 2697
2020 8776
2250 7629
4566 3315
1677 7197
7335 8437
2992 2910
7749 4833
6883 1622
3201 2835
8116 5471
8364 3657
8730 6521
7444 6746
7851 4178
4709 9503
5834 4662
2572 3031
3634 3672
8492 6801
111 3913
9417 6942
4518 4775
7731 2505
6991 6451
2522 3634
827 2249
3066 306
7670 2981
7532 9499
5741 4961
6487 5858
3282 4225
5668 7157
7769 6218
1039 3229
7164 7752
4624 105
8637 4833
8250 3229
1688 3857
4492 4145
7724 7697
2498 7906
9419 582
5668 7004
2545 7731
673 8858
3945 9095
4829 2648
7026 2680
8231 6621
8779 3099
3244 2948
7641 6521
3380 6548
4858 8462
4327 4901
4515 8165
6451 2136
7004 5668
4095 2948
3333 7152
2941 1521
7545 3188
9637 9404
3144 3056
2885 1659
5860 1568
8016 1989
7702 3282
3393 4225
4212 3909
1255 582
4624 6877
6527 6623
2597 2971
1447 7684
2898 9660
6862 7419
8025 3773
8557 6630
6456 7454
564 4221
2250 6451
9095 4353
7702 9247
6146 7899
7504 8713
8861 6531
8027 4833
6475 6862
3723 2630
9822 9378
846 3308
7186 1081
7405 8115
4662 2660
1989 2731
4231 4500
8625 1034
1994 7788
4671 8853
7026 7889
3222 4752
5325 3118
8905 8912
582 7769
4518 8249
6859 2269
3875 3249
2699 3121
1597 3768
8902 8844
2699 3282
7026 3500
598 2498
2537 4543
2557 4518
7003 8329
6979 7725
760 4769
2591 6393
7253 6511
7253 3066
2724 9448
2648 2704
7846 4077
7136 6489
7285 6603
4833 8886
6808 7519
3042 3661
7216 6977
8549 1823
6103 426
297 2680
8596 8477
1693 7892
9001 2404
1521 7969
7878 7183
3202 3593
6720 8004
2122 2197
3773 1248
2886 1658
7296 7196
6218 884
3099 8625
7358 8652
4693 7139
6858 8554
9965 9400
7466 6490
827 8713
1628 1181
3032 4609
8905 6982
8166 6755
4443 4896
6530 7625
1342 1879
1318 6550
4515 7788
5157 5240
8234 6531
278 4124
3333 4752
259 3188
2835 1039
4629 827
4398 3668
2522 8836
274 6444
564 3632
8905 1989
8913 7822
4833 6282
5694 6216
4126 9448
8848 3174
4221 8151
6527 8861
510 7347
7257 7320
2269 6859
8471 6385
8520 6961
2948 4098
3082 3653
8232 6623
792 4124
6942 277
3319 3835
2638 2624
6755 7053
510 8386
3222 7152
1741 5686
4198 1160
510 1622
3098 3653
7621 7700
7980 6737
5471 3470
2249 827
8166 8151
9720 427
3261 3166
6800 7616
4398 2934
7642 7183
7455 1002
8862 6529
6363 6473
7347 510
4455 8156
3229 9095
5860 7734
427 3066
2492 6922
8834 8244
2368 1989
3085 4868
6896 6365
6614 2709
7120 9296
7694 7513
9306 1664
9467 6363
8200 8390
2767 3859
4789 582
5668 8331
5668 7154
4006 4284
8588 5570
4178 2492
2735 45
4895 2767
5253 1198
3681 4126
2020 4671
3188 6979
7497 9440
2318 2098
6370 1215
6780 6857
827 3793
8861 8231
8165 1994
673 1039
4868 3082
3229 306
1215 6282
7346 7671
6490 2965
4662 7587
3941 884
8977 7358
7094 7788
2882 8118
4145 2763
6922 2545
7238 1052
2662 3790
8652 7359
6414 8190
2762 4007
31 15
6658 8910
7030 8304
7253 381
8200 1447
5860 7788
7095 3244
8905 8637
9095 3773
7384 6895
6942 9584
5310 9513
1031 124
7397 8834
5027 5109
781 7384
2672 4896
2498 6079
4610 251
4387 4810
6494 1622
9765 381
6483 6756
293 760
4238 3173
7905 6991
816 5668
8120 6896
8862 6621
8863 8233
8151 4221
7335 1980
3349 7456
6798 7880
9438 9407
8713 3099
1568 6942
5668 7276
5221 1467
9343 7398
3775 2537
3108 7143
8676 2941
2449 3284
1363 2197
3131 5963
4121 3795
2052 1552
6282 8342
1215 9026
3817 4342
7580 4398
7784 7697
2659 4208
3213 3055
3945 8342
1622 6942
381 1455
875 760
8889 8744
3958 2734
4710 2933
8581 4008
8338 3680
496 9585
1181 6942
6269 6319
367 686
9046 6451
9804 9665
6451 2440
4398 7669
201 6268
8713 673
7858 415
6877 3244
2864 7155
8304 7478
7795 427
8120 6364
2428 3052
2728 3211
5221 5325
3884 4833
1637 792
2368 303
4535 4387
3319 2766
7988 7277
5860 1688
6451 4833
4405 4905
2591 1215
2699 7387
5860 4422
8863 6527
2729 3211
7028 1447
8861 8233
3003 1039
5471 8166
303 6883
8313 6954
7028 2987
381 7003
3108 9650
7004 7157
3941 306
2699 6991
3858 9132
1568 6451
7247 604
2269 792
9585 3876
2698 2775
306 1886
1248 2625
1277 1269
4532 3816
7349 3407
2884 8931
6932 949
7621 4221
3874 2701
8074 4021
2835 4810
9095 8622
8912 8637
7358 3032
8859 1039
827 456
5187 3118
2269 1637
813 7769
3283 8329
2020 9756
6385 8115
8289 6363
6796 7983
3066 6370
9068 7053
827 259
8628 6980
6792 7367
6991 631
2702 2710
6363 6477
6218 4030
4021 3397
3209 4231
2122 90
7350 7697
4225 7358
884 4218
3222 3100
7037 3282
2864 7027
4495 2020
5834 8689
3079 4501
1568 2590
1197 6737
3569 2732
4769 760
3099 6855
8776 564
9893 1478
1885 8342
827 4405
6798 8452
2677 7997
6145 7899
3282 1248
8863 8231
2522 7387
4671 7358
2591 6755
2838 4536
7654 683
2864 8118
2835 1248
7280 3055
6385 6732
3149 3056
7641 7878
6896 6444
2613 2997
3500 2680
8713 7724
22 87
1355 1961
4935 2670
4830 9026
1962 8638
4024 3588
4398 4305
2943 6623
7009 6363
1978 6670
3350 4342
4769 7320
8004 6722
7673 2981
884 8912
2048 6878
1306 6444
199 3634
7191 8623
5668 7007
7752 1448
4034 1597
3696 2884
3031 4609
7095 884
6396 7185
2412 8509
3875 6408
9046 198
2735 8637
7865 827
2591 2701
5849 3945
6365 7834
6794 6620
6144 7899
6325 9026
8850 3065
7036 2306
4178 2873
8033 6444
6858 8553
3249 2766
4920 6103
8449 2903
7641 7183
265 7368
4515 5061
2052 1821
813 4904
8323 1215
9910 6452
7987 8226
4340 3350
2530 3941
6451 3258
3283 2941
3583 2613
1978 6982
6942 7388
673 6756
8931 6957
4231 2997
2449 5851
7625 8231
2600 2764
6218 303
124 2209
6883 6218
6386 9513
9026 3282
4206 7350
2549 381
6794 5860
4769 3249
8905 8200
9095 9720
6796 8472
265 1989
884 2987
7356 8095
9690 9286
8734 1040
3393 3642
6895 7834
8250 5963
3110 3498
8863 6529
7517 6808
4208 9095
7257 7225
7621 278
3885 4257
6756 9756
7458 4379
3874 4582
7253 1978
1622 6193
8166 7979
5858 381
4868 3098
2591 2777
6877 5858
8628 9296
7357 8652
1989 8847
4920 6218
675 6611
6922 6630
22 88
4354 2884
8218 9302
9693 6616
6490 3108
1922 2164
7587 6945
3258 6451
1255 4695
7013 7120
2591 4125
7336 8298
3282 1659
4623 2732
789 6103
7338 7911
7473 673
7559 3099
3185 6770
6451 5859
6451 4538
7970 265
3283 7000
6283 6646
381 6942
2701 2981
2412 7723
2699 9499
7053 9715
8063 3941
3143 6575
3206 4502
6862 8723
5743 4961
3107 7143
4225 3396
3631 1687
7504 4111
4422 6998
4555 2702
7346 8834
6991 7387
3085 3653
5269 6944
6446 2675
7669 3668
8255 6732
9261 6732
4428 2699
4702 4568
7754 7164
5394 5269
4422 3032
3249 2672
7278 6614
5741 8166
3049 2864
259 7368
2009 3489
9628 8644
7253 9765
8027 8342
3403 2761
8526 4955
3283 6616
9306 7324
2568 4422
250 7532
65 154
8623 1886
2672 2766
7625 8233
6859 7545
382 8166
9224 9026
2020 7979
2735 7748
7731 7787
2603 4772
2020 9659
7136 1989
3606 2404
2269 7120
194 201
6800 3630
9978 3202
6829 4962
564 8776
2660 3588
2163 3896
8553 7979
5860 2761
4178 4238
3056 3144
8862 6527
7036 1995
3167 6526
2632 3049
2941 8676
3347 4342
3057 3146
6937 8885
7504 3143
6942 278
7009 8748
7026 2824
2592 1237
7769 2864
6861 7670
8885 8508
9964 9400
4662 3588
3247 5423
7979 3143
1376 1552
675 2836
7587 4662
3770 1885
2662 3693
3319 2672
89 2039
4536 3642
7888 7911
6942 3199
7556 9426
6641 2701
4387 2698
4071 3146
9260 4223
7545 3282
6977 7216
7304 7009
7905 6877
1179 6433
6611 7096
3244 2816
8677 8353
8330 4535
7673 2530
9196 3858
1613 2633
2735 3143
598 4610
7532 4709
6883 7413
9638 9404
3583 4231
4173 6233
1447 2545
3889 3883
6877 2818
1978 8200
6621 8233
7642 7878
3098 3082
7556 9798
3978 2981
4908 4284
3407 3859
7349 2732
7781 6218
7871 2709
2498 199
3793 6614
6531 8234
1399 2039
8814 6451
7788 7731
2442 3959
88 24
1183 2026
303 9026
2767 7349
2557 4775
2630 4502
8594 1215
7464 7086
827 1215
9418 582
6451 7313
8234 6604
8794 2619
1616 598
8776 7349
2760 4422
675 1237
7247 6798
7879 8806
1039 4443
3063 3157
3492 2672
4304 8734
9582 6942
8321 4360
