451 663
52 101
2 20
255 663
211 365
630 2
365 640
359 365
155 200
475 471
565 571
500 501
160 645
344 310
771 645
41 20
710 731
450 2
325 645
640 350
640 352
900 645
110 115
345 640
345 325
517 500
517 490
630 365
451 438
2 710
450 438
2 365
630 651
816 713
816 710
365 710
220 365
367 365
450 451
696 630
211 645
230 645
20 365
355 705
645 670
350 645
433 645
110 101
346 345
346 344
345 310
90 80
437 475
345 317
345 316
740 365
630 371
840 986
345 255
696 645
666 645
20 645
223 225
740 710
345 395
531 522
211 490
630 640
910 750
366 365
135 130
345 385
900 663
345 380
365 385
652 645
94 93
345 160
750 771
771 775
451 475
530 531
345 663
700 365
703 704
679 670
500 625
41 42
770 750
732 740
345 305
663 666
360 369
740 645
450 475
551 490
540 490
600 645
41 160
483 620
369 365
344 220
694 645
840 816
93 92
652 663
380 365
220 663
2 135
349 325
41 220
698 645
645 2
345 372
437 450
670 663
541 572
345 375
432 436
437 438
694 670
345 20
560 570
2 652
20 663
343 339
770 645
390 365
700 2
700 703
255 365
345 600
345 2
210 365
200 663
800 775
100 93
651 663
20 731
451 452
645 640
255 645
345 205
640 652
345 368
345 369
700 705
700 704
713 710
373 371
700 701
345 200
345 360
230 20
625 2
345 365
345 366
700 702
731 732
694 663
371 640
940 910
500 490
93 91
710 850
345 349
484 540
290 365
100 101
811 816
41 210
230 365
436 663
345 355
484 490
732 710
339 350
345 350
692 663
210 663
712 710
640 663
345 290
900 731
210 645
910 850
740 731
345 210
345 211
345 212
645 220
698 663
345 696
645 630
434 436
645 690
451 645
692 645
41 2
368 411
800 816
501 530
850 900
771 663
830 820
433 663
372 373
41 200
731 2
452 461
750 780
345 343
651 645
811 800
345 344
625 531
2 663
92 91
160 663
345 220
436 483
345 225
702 704
600 663
679 531
490 220
436 645
770 663
345 390
483 475
516 510
101 2
345 373
211 663
690 663
365 373
372 365
325 663
325 365
731 220
365 200
235 365
645 200
713 740
350 663
625 530
368 365
404 433
230 663
840 713
840 710
696 663
645 365
345 339
2 40
700 630
625 651
345 235
345 230
