1823 1604
4032 4029
3200 2662
1340 1339
1489 1276
3017 2513
3286 2693
895 831
1489 1278
353 332
2917 2874
2495 2490
2874 2553
628 594
2271 2268
2475 2474
1422 1406
2193 1527
4462 4450
4798 4497
1230 800
469 464
872 837
4448 521
1094 1093
170 168
170 169
722 610
79 78
378 246
1207 1147
909 849
4500 4498
2153 2130
796 795
2897 2896
1103 1102
2799 2664
1717 1104
3918 3801
1964 1633
4922 4917
3915 3893
3245 2996
274 273
274 272
274 271
274 270
2935 2841
4157 4137
336 318
4346 4336
2007 1706
4784 4726
720 677
1097 1096
2820 2800
4391 4383
1812 1307
4029 4014
4391 4389
120 51
136 25
4207 4206
1495 1370
4402 4347
2790 2563
2793 2457
4402 4349
1239 1238
2779 2737
446 386
4752 4708
2926 2916
2926 2918
3432 3355
4281 4098
892 878
148 96
1055 981
4806 4538
3616 3506
4022 2717
2244 2219
2107 2055
4501 4500
4554 4522
1897 1656
1897 1655
342 277
123 30
1091 1088
1091 1086
2542 2533
942 941
1961 1715
639 632
2685 2444
70 67
1910 1785
639 638
70 69
496 484
4196 4167
504 503
504 502
167 58
956 939
4152 4151
1043 1026
550 542
1731 1694
4254 4195
1755 1726
1356 1335
1349 1348
1610 1134
2634 2631
3264 3009
1881 1325
3580 3308
2381 2267
4689 4670
4185 4184
3011 2780
2130 1732
4187 4180
2060 2028
1435 1164
3143 3001
4280 4175
2762 2495
1355 1241
3246 3117
3661 3609
1496 1108
442 441
4264 4263
3654 3308
3910 3883
3112 2765
2883 2878
2363 2340
2363 2342
718 717
426 420
426 425
3497 3452
3395 3358
4199 3785
2965 2915
1023 974
4478 3378
4848 4847
4848 4846
2037 1206
4357 4333
4678 3361
4305 4102
2836 2831
3068 2542
679 587
2593 2569
2593 2567
4165 4152
1036 979
1775 1360
4492 4491
2332 2244
165 162
4735 4724
4362 253
4651 4532
1701 1592
531 530
1568 1566
4172 4162
1857 1563
3762 3750
3762 3751
1805 1299
1805 1298
1931 1550
2613 2508
2145 2103
2756 2724
1434 1143
3004 2780
3847 3846
2838 2455
98 74
2213 395
4163 4119
4410 4404
4703 4606
4301 4218
3024 2660
2896 2570
2760 2494
2114 2001
2717 2450
2904 2575
4553 4495
2180 1172
1725 1609
175 119
4320 4114
139 50
1331 1063
3909 3890
891 854
1148 1147
1505 1245
3214 2488
205 115
1405 1153
1529 1528
3529 3434
2704 2593
3556 3544
296 295
2864 2478
3979 3957
4112 4111
3979 3959
2023 1858
4219 4164
3695 3431
2812 2574
2097 1600
3797 3777
4078 4077
3547 3320
1994 1993
1278 1276
4898 4833
4202 4150
2612 2611
472 438
472 431
3017 2534
2832 490
2369 2368
2011 1782
3918 3826
1346 1213
3708 3707
3484 3312
3484 3310
2586 2524
3075 3044
4448 4445
4448 4447
3722 3645
4690 4689
3223 2939
1970 1969
3146 2563
4370 4363
4900 4888
3099 2758
1979 1523
3403 3345
2072 1460
3101 3082
2038 1596
2347 2231
2383 2382
188 61
1567 1566
2814 2447
2820 2798
4401 4384
1999 1761
3012 2703
3709 3607
4217 4160
4925 4867
4397 4371
3772 3771
1056 1010
1831 1338
3983 3953
1854 1590
4764 4500
2697 2454
4582 4492
468 443
546 506
2191 1311
2640 2610
2178 2177
302 295
2579 2530
3992 3972
2242 2241
4196 4180
1471 1109
1980 1408
203 26
2192 2171
2140 1953
2192 2172
4309 4209
4607 4512
2766 2496
2006 1828
2878 2840
1453 1116
3432 3376
2069 1066
3477 3310
4660 4506
4461 2562
259 256
259 257
2207 802
4199 4198
4199 4197
4150 4121
2387 2287
2928 2918
2352 2327
4782 4518
1897 1673
2471 2434
198 152
4372 4364
4372 4365
4372 4361
2502 2501
1488 1258
3081 3072
2606 2528
3726 3594
3119 3118
4759 3334
3498 3488
3073 3070
3073 3072
2027 1516
1917 1868
2852 2551
4791 4790
1983 1968
1977 1927
1364 1350
2200 2199
4385 4332
1803 1291
4751 4715
3266 3229
1630 1090
4559 4475
2994 2938
125 98
2518 2516
3966 3954
190 18
2362 2360
3919 3895
3922 3913
823 772
1403 1371
551 505
3564 3512
3425 3423
1373 1269
1332 1319
4042 4041
4771 4681
829 826
4771 4685
4883 3348
612 582
2196 2053
3651 3650
3525 3524
3638 3343
1925 1516
2003 1702
4655 4479
1535 1419
3454 3322
1290 1205
3276 3038
3654 3581
3734 3494
221 83
4626 4510
2034 1829
1689 1642
186 140
4074 4073
3697 3696
3950 3949
3180 3145
4347 4336
4347 4335
4347 4332
3853 3852
4686 4667
2035 1644
4413 4344
3430 3416
3830 3829
4731 4718
1953 1463
2760 2652
3483 3316
3668 3322
2560 2454
98 57
51 21
2321 2319
4793 4703
2321 2314
4487 4486
2601 2522
3861 3853
2017 1090
4021 3992
3168 2807
4628 4571
4243 4237
2480 2479
1487 1173
1900 1783
4683 4682
208 125
3736 3607
1846 1557
891 833
2866 2819
4257 4195
1343 1342
3979 3978
2002 1060
3333 3332
3979 3976
3979 3977
1050 1019
681 680
4314 4210
4078 3974
4031 4030
382 260
2643 2492
4322 4284
1462 1339
4509 3363
4908 4850
2717 2467
2939 2465
2393 2321
783 754
3366 3316
2119 1850
862 833
3916 3796
3034 3033
1402 804
1122 1121
365 242
2158 1562
1916 1647
980 979
3714 3355
1365 1244
1283 1282
929 902
895 876
902 890
3135 2868
194 124
4030 4001
1629 1296
2415 2308
3133 2697
2639 2439
351 241
702 681
4885 4877
199 179
1163 1162
4885 4874
1014 933
4187 4089
4878 3372
3410 3406
3036 2810
4817 4816
1950 1564
3803 3802
1425 1390
4360 4346
362 361
1443 1313
3686 3658
171 47
1553 1546
3983 3981
3112 2533
2347 2218
3503 3467
2203 2201
1620 1140
4649 4627
4175 4139
4303 4301
145 103
2828 2540
2828 2541
3102 3032
845 827
2355 2242
660 575
1030 105
3238 3010
2856 2549
2156 2136
3463 3462
39 36
931 882
2668 2434
4461 84
1890 1554
957 956
3850 3834
229 226
1407 1191
2300 2299
2889 2757
4867 4840
2658 2564
2889 2585
3272 3219
4879 4878
696 657
2515 2514
1311 1089
2157 1752
3792 3758
3792 3757
2524 2434
3009 2727
4905 4903
2031 1697
1488 1231
157 36
4261 4203
135 98
2981 2774
379 327
4413 4408
4413 4401
3005 2520
1438 1166
2489 2488
3094 2444
3652 3307
1389 1251
1166 1159
2873 2872
4380 4359
3657 3433
285 284
3513 3508
3554 3401
4543 4492
1554 1072
1781 1560
494 482
218 41
494 486
2807 2522
2402 2356
1008 1005
3597 3596
3688 3350
1223 1087
4751 4730
484 477
2031 1523
4654 4601
4645 4641
856 855
3912 3823
2051 1977
4270 4224
4596 4494
1603 1115
3286 2792
2010 1973
996 970
316 285
3965 3957
1722 1721
3778 3749
1618 1570
306 285
823 758
350 260
350 266
4573 2249
386 385
2372 2274
3177 2825
2888 2886
4056 4007
3923 3897
820 819
2159 1095
2586 2489
3458 3456
1476 1383
4462 826
1944 1932
1944 1933
1576 1124
3700 3350
1168 1166
2841 2537
4737 4718
4446 23
4485 4480
2723 2721
4012 3948
170 77
3903 3825
4222 4097
1677 1098
4395 4340
2139 1489
4727 4715
4727 4712
2846 2687
160 29
3943 3768
118 116
4867 4474
4121 4110
4017 4011
4767 4529
4580 4491
697 696
1307 1275
4795 4792
2702 2434
679 678
3215 2585
966 965
2596 2439
1559 1529
465 449
2881 2879
2617 2487
267 266
267 261
423 391
178 88
3441 3299
3011 2457
3859 3847
2487 2458
211 210
2938 2924
3333 3310
3774 3753
1459 1078
313 312
668 632
2530 2500
3001 2781
4611 4531
3698 3321
1015 981
2851 2849
2631 2439
3125 3004
2510 2509
194 145
1010 937
1402 1230
4881 4838
1484 1468
4784 4749
558 546
1987 1580
88 87
2327 2318
186 106
4226 4182
4499 4498
3903 3874
2843 2553
172 88
1354 1353
2282 2264
3785 3784
3785 3783
3785 3781
2101 2070
2101 2073
2101 2074
1611 1543
3936 3802
1867 1359
1053 933
1914 1824
3658 3405
3583 2
4439 4436
4439 4437
4296 4181
708 681
3280 2914
190 103
1814 1309
513 511
949 948
1046 1019
816 815
655 654
1774 1214
3137 3071
2167 1687
609 608
3628 3337
3049 3027
2359 2314
4561 4503
2619 2434
3312 3311
4066 4065
1648 1604
455 454
481 479
2900 2883
4802 4520
2957 2955
204 111
481 474
563 556
4867 4861
4312 4209
4867 4866
4897 4836
148 111
3798 3785
527 526
148 119
672 671
2923 2544
486 485
564 532
4199 3905
4392 4327
4386 4337
2802 2506
1306 1078
3792 3775
1855 1584
2720 2585
86 76
3193 2737
86 71
1057 968
2399 2397
1322 1159
2163 1807
3003 2686
4637 4619
123 92
3904 3884
3904 3885
1621 1491
4749 2409
1253 1252
3270 2697
1919 1495
2564 2534
1625 1063
370 319
3022 2694
499 496
4236 4203
3071 3024
1472 1451
2872 2554
2872 2553
1049 993
3130 2852
3130 2851
4622 4560
3737 3489
4025 4015
2559 2521
4877 4863
1891 1511
926 921
926 923
926 922
2980 2943
2801 2553
3741 3629
2795 2513
321 263
2595 2514
2595 2515
2142 1554
1365 1107
828 521
1343 1252
1461 1234
1425 1217
1843 1713
2097 1323
2858 2846
3653 3541
2883 2760
2394 2391
2394 2393
2394 2392
2031 1815
3141 2553
445 386
4352 4344
3310 3297
3145 2692
470 429
2972 2574
372 272
3083 3074
700 612
493 492
734 733
614 585
4723 4651
4156 4155
1304 1294
3573 3319
1856 1584
1701 1282
2397 2219
726 680
3146 2884
4308 4209
1044 1041
968 967
4395 4361
3462 3461
2401 2340
2986 2629
4007 4006
3632 3312
1341 1339
4224 4138
1317 1106
1822 1749
2367 2336
978 951
354 239
954 937
2551 2549
789 788
4579 4524
789 780
4883 4876
3269 3008
1362 1361
903 845
716 715
2145 1887
1201 488
3675 3491
1938 1542
2978 2620
668 618
4850 3381
4850 3385
4284 4188
3283 3188
2443 2441
2443 2442
2354 2302
2354 2304
1981 1843
1049 1005
1645 1578
2143 2085
3466 3359
738 658
2071 1095
4622 4583
4602 4564
4602 4565
4003 3991
343 298
3188 2607
1898 1760
2375 2282
528 524
3244 2465
2967 2814
344 311
549 548
3987 426
2121 1104
4518 4512
1163 1122
1959 1090
3744 3562
3500 3495
2767 2497
4889 4832
1258 1257
2848 2548
2825 2820
4606 4497
2543 2464
3936 3752
1046 1031
610 609
1808 1668
1482 564
1662 1623
2345 2217
610 607
3336 3335
441 440
776 750
1221 1156
179 177
3702 3670
2414 2266
3583 3343
130 29
3588 3569
2369 2298
1770 1158
1213 1212
3149 2553
334 281
3252 3214
1269 1268
3877 3796
2020 1512
4368 4342
1386 1095
4655 4608
2920 2538
3607 3320
4213 4112
1518 1174
702 579
2846 2723
1054 991
3468 3467
100 98
100 99
461 458
1478 1229
2075 2004
1991 1971
1326 1256
3864 3805
2521 2489
3290 3288
222 104
4919 4908
4745 4733
3362 3352
4013 3992
762 759
4794 4793
694 692
4217 4206
1670 1554
938 937
1949 1524
1055 105
1825 1118
4026 4024
4733 4708
4415 4386
110 76
3900 3895
2269 2267
1847 1806
2137 2121
3900 3899
3314 3313
1890 1668
2896 2704
1609 1133
1003 943
2554 2538
4686 4609
3043 2450
4300 4186
4246 4097
2632 2487
4921 4911
4753 2409
4417 4346
4643 4615
4417 4348
3228 2838
80 79
1794 1441
1369 1334
975 952
2729 2427
4702 4511
3580 3389
1493 1492
4402 4401
4939 4933
4425 353
2932 2841
2932 2847
1873 1871
4662 4661
3800 3797
4600 4505
704 670
3740 3443
2929 2926
2422 2421
1593 1576
2883 2740
4915 4880
4878 3387
3781 3780
2595 2533
614 613
4164 570
3761 3760
4162 4161
496 91
4743 2209
1189 1117
1398 1302
3776 3775
2784 2783
2792 2530
4458 856
4826 4532
2357 2337
2298 2262
886 848
2046 1827
602 597
2971 2811
2459 2458
3669 3649
2154 2106
4860 4852
3759 3758
444 424
4686 4685
2781 2771
1446 1083
1539 1371
2886 2617
1988 1494
1240 1108
172 52
1573 1102
936 934
4500 4490
4285 4119
1463 1117
366 242
1136 1106
3221 3005
3221 3008
2685 2445
3895 3837
3656 3639
2022 1513
4476 4474
3122 2987
4549 4548
2357 2231
467 463
3994 3975
1789 1671
298 278
97 34
1052 69
1148 1146
1139 1136
1159 1074
4641 4602
2918 2657
3116 3079
1767 1219
1275 1122
4767 4496
1404 1393
174 104
1397 1393
3028 2864
662 661
3342 3324
3623 3523
540 539
2004 1625
2398 2397
1558 1356
181 150
2942 2891
3174 3020
1813 1633
1010 975
4881 4878
693 680
4038 4037
4038 4036
4154 4118
1486 1170
1486 1173
4307 4305
3197 3053
1345 1344
989 80
3916 3881
3613 3468
1540 1310
1099 1098
1531 1173
808 795
430 423
2595 2497
236 134
236 135
3199 2710
425 424
2836 490
1357 1356
2936 2692
2307 386
2732 2730
4070 4052
3021 2694
2383 2309
3123 2538
1487 1361
3002 3001
316 303
335 278
316 306
1722 1662
3336 3312
3336 3317
2655 2426
1137 1107
2407 2257
4221 4220
1948 1621
2561 2485
3927 3895
1475 1474
2370 2317
164 163
1684 1284
2204 2199
2369 2235
2891 2691
1541 1452
1127 1126
4491 2423
2903 2813
4902 4901
3738 3511
3587 1
4640 4565
4845 4830
325 274
3872 3845
395 393
3102 3091
361 359
1334 1099
4888 4886
3230 2998
2703 2458
1907 1693
4414 4404
4768 4522
4200 4097
1471 1363
3985 3966
3190 2697
140 138
140 139
2930 2457
3284 3141
2476 2474
3008 3005
2476 2473
4606 4547
1852 1400
212 210
1424 1326
879 848
3905 3785
409 391
692 589
3088 3075
3253 2798
1967 1695
3154 2575
710 709
4865 3337
1365 1324
760 759
255 254
2046 2020
4753 4649
3077 2693
1459 1111
4034 3960
1503 1083
3645 3644
3726 3664
234 233
3929 3873
287 260
4631 4536
4860 4858
4860 4859
3666 3410
4448 85
4464 4458
4459 99
1903 1368
4345 4336
2069 1428
1901 1900
337 240
2015 1650
232 41
1899 1771
4765 4500
2142 2093
3695 3432
4457 843
2586 2428
2942 2714
594 589
2179 1489
4120 522
946 942
2987 2629
3411 3293
439 402
4589 4586
2451 2450
4053 4050
4053 4051
4105 4070
3081 2746
2597 2448
3643 3339
4485 4468
2956 2444
3098 2687
1498 1410
4485 4467
1013 963
3447 3445
1730 1153
4873 4872
2669 2656
1374 1323
419 395
866 833
4455 4453
284 283
1466 1464
2949 490
1034 998
4630 4607
1349 1198
1295 1083
2882 2881
2882 2880
489 482
4797 4493
3655 3353
4739 4721
2790 2608
4317 4174
4050 3998
2129 2089
4624 4600
961 939
3201 2660
3561 3351
1505 1158
3631 3630
4636 4610
3038 2851
467 449
4052 4051
4665 4591
1982 1698
4410 4354
3591 3384
4458 4455
4458 4454
1797 1709
1030 953
1767 1766
4662 4476
3095 2880
1798 1408
2181 2180
209 61
543 539
534 511
2877 2871
2834 2542
4218 4194
2502 2446
3274 2649
2146 2133
1892 1660
3238 2806
4409 4345
1166 1091
2295 2221
1445 1444
1885 1749
1497 1069
2983 2814
1803 1680
1028 995
1484 1152
1801 1288
1432 1224
549 501
2157 2103
2912 2590
3266 3251
2348 2303
334 264
2282 389
17 14
4679 4562
929 928
2789 2620
4679 4568
2483 2474
4687 4530
3560 3486
4381 4345
4381 4346
4381 4347
708 624
3527 3438
2989 2576
4702 4494
2738 2734
2738 2737
2738 2736
779 742
2770 2769
2383 2328
1662 1661
3940 3798
2329 2326
2329 2327
4749 4726
350 349
436 392
3215 2674
3401 3400
935 934
4748 4730
874 833
3838 3767
3838 3766
2282 2281
228 216
2952 2825
3838 3768
2952 2820
1420 1085
421 420
206 179
3572 3325
3215 2710
4445 2562
4325 4148
489 485
1840 1768
584 582
3703 3530
3703 3536
3637 3636
3887 3796
2195 1447
3085 3074
3872 3867
3577 3568
2343 2298
2187 1953
555 552
1530 1473
555 554
1882 1619
4868 4867
877 845
1705 1206
4405 4373
1714 1689
2197 2182
736 735
736 734
3701 3350
253 252
2839 2724
2885 2439
1400 1378
345 311
1057 1006
3705 3619
1039 1030
1969 1067
3985 3984
658 605
491 487
1184 1174
4674 4671
3392 3317
3729 3728
561 544
2997 2951
718 668
3284 3128
561 543
299 255
2857 2838
299 258
2617 2525
1838 1831
3475 3363
2617 2522
4761 4760
2420 2246
1830 1130
4657 4590
1995 1993
1361 1273
4102 4093
3646 3453
2253 2249
1865 1753
1670 1669
1839 1554
1497 1472
2059 2057
3637 1
3007 3006
4880 4870
3598 3351
919 831
4371 4364
3843 3812
1187 1129
3581 3330
3670 3532
2063 1147
450 416
1588 1520
3558 3329
1696 1149
4655 3336
119 52
1552 1116
4662 4628
3610 3315
4854 4853
3265 2728
3926 3762
894 876
3359 3358
1667 1635
4248 4246
3213 3018
2908 2584
173 124
3041 2932
1397 1381
384 383
2645 2501
2519 2508
3622 3345
3794 3793
1138 1136
4592 4520
4164 4120
525 523
1957 1554
3225 2493
2081 2055
2129 1872
4759 4525
1459 1327
2328 2327
439 422
1353 1128
1002 1001
3919 3833
362 269
3097 2574
600 597
3143 2671
883 859
4875 3369
3742 3328
2707 2444
336 290
3411 3410
3866 3865
2522 2505
1201 1170
1201 1175
3693 3597
373 335
3235 2983
1579 1112
3590 3356
1026 967
2000 1855
1816 1672
2552 2502
4326 4149
1371 1362
959 958
88 4
366 284
4000 3983
2381 2333
4691 4518
3087 2752
2952 2542
3895 3874
4189 4092
3895 3872
1795 1651
4283 4098
3945 3809
1861 1690
2588 2577
1785 1739
2916 2657
3420 3307
4579 4544
671 637
734 702
4164 4163
2641 2521
1447 1446
4004 3962
1694 1528
3266 2616
3276 2851
3276 2852
2717 2585
4273 4224
193 192
4038 4014
3485 3436
4404 4354
2782 2504
3677 3410
4035 3982
3455 3311
1753 1104
1875 1681
131 26
1510 1082
1954 1649
4409 4360
3252 2488
36 35
4617 4473
1809 1628
1992 1859
2196 1930
391 390
1484 1173
1484 1170
2250 2248
3941 3798
3190 2881
1418 1067
680 652
4212 4151
4297 4181
3019 2654
215 112
1417 1219
4204 4147
2503 2475
2086 1478
2336 2281
1834 1682
459 413
4632 2409
3969 3955
2592 2545
185 76
1313 1073
2554 2545
2529 2439
1313 1078
2843 2809
1542 1060
3502 3414
548 547
3742 3515
1908 1466
2557 2532
3722 3683
2963 2609
4400 4332
822 809
204 195
2020 1827
993 992
2482 2480
4315 4210
2942 2691
1445 1371
2883 2561
2543 2486
4567 4537
1178 1177
1623 1622
2871 2554
2193 1413
2330 2307
1804 1640
1804 1642
4780 4779
728 698
1292 1257
116 108
2417 790
4376 4341
3152 2839
4444 830
4547 4533
877 827
1510 1509
2202 1506
3864 3863
4896 4833
2863 2862
3987 3985
1246 1232
1454 1419
3553 1
111 52
3663 3456
1442 1185
999 994
2017 1351
561 560
4218 4172
129 128
129 126
129 127
3105 2724
47 36
4183 4182
2166 2071
2611 2607
2155 2102
1990 1903
166 27
4940 4939
1306 1294
3821 3815
658 628
1634 1331
1495 1109
2918 2916
2364 2351
1038 1030
1091 1065
8 7
8 6
454 383
4871 4856
1810 1106
2498 2490
573 532
2928 2596
2150 1817
2741 2485
2382 2381
662 609
998 992
4392 4370
1450 1361
4377 4329
4392 4376
3472 3329
2835 2542
3550 3503
4920 4878
1548 1547
4154 4153
2870 2553
2870 2554
2067 1643
159 154
1485 1403
3596 3308
4621 4577
4621 4570
4660 2387
4909 4850
4252 4127
2592 2575
3593 3293
786 771
786 776
4716 4707
3713 3327
4458 837
4876 3342
3769 483
3195 2842
2796 2671
3181 2918
2627 2559
1720 1554
868 831
4446 84
3841 3783
94 11
523 504
2122 2101
720 719
3665 3526
720 716
3793 3750
2586 2461
3130 3126
360 249
3601 3570
3601 3571
4743 4632
3908 3826
2198 2185
2936 2846
4700 4546
4377 4346
4756 4726
4924 4918
2693 2657
4875 3341
2188 1468
4924 4910
3748 3747
4207 4164
1006 997
2065 1609
1734 1680
1396 1395
3879 3834
1654 1614
2377 2290
814 778
4413 4385
4922 4850
4509 4489
1483 1329
964 948
1594 1224
1304 1303
1326 1157
4410 4392
4935 4932
3147 2563
566 507
4402 4398
566 508
2599 2598
803 754
2835 490
1746 1224
3587 3329
2736 2484
377 357
4481 4480
3342 3341
1659 1615
1345 1140
620 597
3086 3071
1558 1335
1088 1087
1088 1086
16 14
3657 3572
1521 1519
1432 1263
4908 4906
3111 2881
1452 1195
4611 4593
1865 1164
4274 4224
2461 2460
4864 3318
772 771
4396 4395
196 161
1817 1316
1788 1650
4171 4170
911 847
4763 4539
902 852
4424 4422
902 857
947 946
1403 1171
115 114
4670 4556
3679 3487
1932 1114
3078 2499
3739 3522
335 298
2389 2276
1399 1388
864 854
4234 4193
864 859
3676 3411
1940 1926
4841 4840
3676 3418
3564 3434
3250 3152
2952 2865
2785 2784
1419 1418
1512 1216
1419 1410
4627 4552
4628 3643
1309 1209
227 223
1309 1201
557 536
4259 4137
1657 1579
4613 4468
1541 1167
887 848
3914 3861
4423 238
302 279
2098 1861
4768 4762
2605 2594
2417 777
1883 1846
4020 3979
3526 3468
709 637
3731 3576
3148 3109
2187 2066
951 950
3064 2733
536 535
794 793
82 81
1165 1090
325 292
4020 4002
2329 2328
1531 1134
3890 3887
1700 1620
4020 4000
1280 1072
4861 4537
3532 3420
1254 1229
1666 1105
1838 1601
2407 2299
1254 1222
855 849
2192 2191
3323 3322
3621 3371
3034 2936
1816 1315
3792 3791
2449 2439
4845 3454
4430 4426
4938 4936
4037 4018
3672 3337
1456 1453
4792 4788
1456 1455
200 198
2042 1765
2971 2715
1506 1159
2894 2565
944 943
4319 4299
653 639
149 56
205 50
3094 2956
4610 4489
3047 2931
299 298
2857 2724
1467 1175
3167 3069
312 280
3261 2648
4392 4352
3359 3312
3472 3344
218 83
3726 3358
1738 1636
1738 1637
1005 943
2067 1662
4446 475
1243 1123
1481 564
1955 1718
2710 2585
1631 1333
1410 1268
3622 3301
2396 2238
2228 2226
3191 2978
2726 2725
4031 4029
1517 1162
4652 4474
1466 1276
820 764
2283 2282
3231 2515
129 95
1798 1255
1047 948
305 249
1619 1140
1052 1050
3042 3041
4292 4291
4777 4761
2124 1461
682 680
1379 1353
4929 4928
2682 2439
269 268
3224 2493
1262 1224
224 137
4374 4369
2597 2575
1436 1117
2538 2499
809 808
2616 2509
2379 2378
3355 3315
4064 3966
402 401
2986 2883
1594 1511
295 282
3048 3027
1489 1151
4101 4100
1224 1077
3610 3431
4395 4383
1313 1267
1904 1712
1422 1102
2162 2160
4398 4352
2993 2622
1933 1863
568 567
3816 3779
634 633
634 632
593 592
2119 1451
2051 1734
4786 4626
2967 2447
205 98
2284 2280
2284 2283
1942 1081
2720 2717
4361 4343
789 762
4361 4345
1729 1630
3431 3375
3431 3374
2606 2605
860 859
2959 2866
860 855
2694 2452
4873 4848
1260 1259
2321 2222
2321 2224
4695 4694
4927 4695
4695 4693
2624 2434
4903 4839
104 31
193 157
1771 1658
2795 2670
3043 2576
1646 1166
2978 2715
69 35
2041 1786
4193 4162
229 168
3104 2969
4028 4012
1108 1090
3170 2941
399 396
1006 945
4279 4094
4618 4534
3574 3319
459 455
142 141
196 145
1315 1314
4914 4910
2617 2614
3529 3341
352 347
1598 1455
4228 4157
2787 2696
352 348
826 825
970 950
548 505
2852 2851
2292 2255
3516 3371
4392 4384
555 553
4265 2621
4219 4218
4363 4352
2989 2488
993 958
691 604
3612 3582
2375 2374
2902 2578
4196 4195
284 242
2084 2056
1811 1438
2763 2495
4686 4525
1783 1437
2310 2305
1963 1419
1086 1085
4446 493
3205 2576
397 396
722 721
210 101
411 410
4080 4029
1436 1309
3369 3368
3959 3958
4041 4040
2360 2234
1400 1399
2899 2573
2899 2572
2618 2606
3617 3545
2393 395
1054 975
2366 2240
4736 4727
2312 520
4739 4737
460 405
3590 3439
3497 3319
4582 4581
2591 2475
1975 1368
605 604
4905 4872
1664 1627
2596 2554
3863 3826
3038 2914
4837 4836
275 274
4837 4832
2303 2256
3128 2553
4407 4346
2332 2294
1447 1347
3272 2630
313 279
2364 2312
1980 1510
2117 1961
653 651
653 652
1241 1162
4173 4149
4441 4437
3523 3370
113 112
2144 1460
2997 2798
1721 1585
501 500
1352 1276
896 895
1949 1186
896 892
3876 3796
4231 4158
452 413
2382 2341
1107 1106
4897 4828
1239 1232
2150 1589
2025 1741
3737 3445
3737 3446
3545 3489
4374 4341
1945 1725
2371 2358
1647 1224
4535 2248
4596 4532
3573 3343
3732 3621
4403 4383
4179 842
2609 2604
2019 1511
1014 1005
4419 4361
2186 2066
2662 2434
1588 1587
4036 4004
437 408
1508 1342
4589 4504
4114 4113
3715 3355
4229 4157
1052 1032
664 663
1774 1155
3017 2490
3017 2496
3017 2494
491 481
4533 4486
819 818
280 279
1379 1378
2389 2332
2789 2527
3388 3294
4116 4092
1119 1065
595 594
3879 3783
4771 4538
1884 1439
3365 3352
1891 1199
2859 2858
1986 1982
1770 1212
2965 2640
1313 1281
3727 3491
1022 1018
2416 2268
4659 4495
1251 1220
178 107
532 526
532 523
699 698
4033 3993
4201 4128
2898 2571
2898 2572
4401 4352
4758 4755
3989 3957
107 55
4546 4506
308 265
2372 2301
1882 1757
1247 1218
1895 1384
1895 1385
1556 1089
3014 2577
252 238
4714 4705
1283 1150
2914 2675
1847 1757
2035 1060
568 548
1302 1298
2025 2024
3465 3462
2317 2316
3128 3092
1530 1356
4335 4334
3284 3129
4335 4332
4466 4458
781 780
4172 4099
566 544
3010 2806
1334 1333
9 8
4436 4421
4733 4627
3277 3205
2760 2740
3174 2932
2126 1528
3127 3092
4398 4335
4398 4332
3851 3850
2012 1584
4401 4392
3260 2647
1211 1210
1712 1557
4058 4057
2795 2652
333 239
1844 1522
3001 2671
1462 1436
3904 3878
1736 1513
4904 4838
563 557
189 174
917 914
60 59
1941 1906
917 912
917 913
657 575
3650 3492
4365 4345
4365 4342
1050 984
738 692
636 614
154 153
1006 968
1222 1144
1577 1235
3344 3307
2180 1345
2095 2079
683 680
1930 1434
1439 1390
1917 1893
3352 3317
3249 3122
3838 3813
3795 3794
1686 1598
1011 1010
4156 4154
2946 2799
2528 2486
1880 1763
1220 1087
2968 2781
2561 2468
4646 4473
4757 4733
781 774
2543 490
4823 4810
1748 1468
2684 2662
3500 3497
3132 2970
447 393
3500 3493
2021 1124
691 662
3735 3495
2419 2382
3678 3347
834 829
194 51
2942 2678
2010 1496
2766 2655
2666 2569
2128 1873
3661 3347
4924 4878
973 965
443 424
4695 2414
1446 1089
4080 4047
1864 1646
3663 3651
1708 1547
598 597
369 260
4187 4115
1531 1170
3921 3775
106 48
306 258
1999 1943
556 504
4067 3982
928 878
4243 4110
4675 4646
928 871
2015 1165
1361 1140
2331 2285
386 0
2092 1160
2588 2472
2591 2459
4432 4422
3863 3805
3863 3774
2765 2764
2627 2493
1561 1555
232 124
4291 4279
3856 3827
4075 4073
2028 1071
4374 4370
4688 4660
2837 2819
4148 2440
2118 1850
2113 1410
4445 22
141 35
2555 2479
1926 1526
2176 1100
3784 3783
4799 4542
68 63
68 65
68 64
799 780
3105 3039
139 138
1857 1689
771 770
738 737
139 131
4411 4368
2810 2515
98 82
4689 4639
1716 1590
3444 3442
2701 2536
3036 2515
2371 2335
4808 4539
2917 2529
1300 1069
681 639
778 762
4419 4345
3126 2851
3126 2852
3659 3343
1446 1311
4683 4634
3773 3752
3606 3605
3348 3347
1498 1069
477 476
466 442
2213 2212
4105 4095
1502 1380
861 854
4565 4564
2388 2309
2388 2308
205 188
2611 2523
451 408
3678 3641
2862 2545
225 216
3186 3159
3199 2585
3334 3294
2097 1690
4426 354
1161 1156
2828 2827
1948 1105
4528 4527
298 293
4341 321
783 780
398 396
1818 1506
2078 2038
3877 3876
50 10
4581 4513
1537 1494
1373 1313
4784 4783
337 336
1476 1125
3918 3898
2543 2528
3134 3133
4011 3959
3355 3354
3712 3711
2969 2837
2139 1357
1111 1110
469 416
3277 2576
2638 2622
4253 4153
4124 4118
1802 1734
4859 2365
3209 3008
1935 1933
1026 1025
3153 2878
1677 1676
2785 2783
1516 1366
1244 1078
3101 3031
4626 4469
4769 4767
3326 3297
1299 1163
2990 2988
2623 2434
3469 3307
1406 1405
498 485
2990 2984
2377 2368
4899 4898
3757 3756
3104 2662
3629 3334
2125 1461
2272 2266
3279 3244
19 18
753 750
4622 4562
2411 2215
3868 3783
4588 4540
4791 4616
4884 4874
2395 2390
2862 2846
2542 490
4402 4332
4402 4335
4402 4337
1674 1607
4005 3972
4590 4471
2061 1104
189 156
4736 4720
2765 2533
2372 2354
636 635
897 874
4154 4138
3248 2577
3158 2585
1706 1675
3282 3281
2490 2435
685 681
685 684
3666 3518
802 744
3795 3773
4156 4132
2400 2397
3598 3471
2559 2446
2533 2520
2800 2799
2800 2798
1507 1244
2414 753
4293 4291
2800 2797
953 952
1285 1096
4530 4485
644 643
2799 490
4415 4378
4247 4246
3014 3013
2262 2260
1869 1692
709 706
2768 2767
744 743
744 741
2548 2537
1689 1219
2805 2804
3612 3548
1794 1208
3016 3015
3931 3757
777 763
3202 3065
2370 2249
2138 1309
1580 1326
2486 2464
117 116
1530 1100
4041 3966
4728 4709
4463 4458
2858 2545
1999 1502
334 261
262 261
3470 3307
4249 4155
1313 1123
2976 2619
1725 1242
1323 1106
2407 2274
2907 2575
1526 1284
1541 1507
726 652
4458 514
4739 4649
3469 3468
4874 4829
20 19
3014 2493
3244 2716
2976 2867
1332 1140
4266 4195
539 507
539 506
1896 1711
1297 435
3675 3553
2140 2137
4934 4933
4934 4932
4374 4352
1442 1103
4928 776
1845 1190
2157 1887
759 742
3920 3895
4172 4115
4442 4436
4373 4336
1326 1325
4770 4769
2358 2325
1145 1105
3005 2670
894 893
1306 1305
727 720
3233 2521
4411 4342
4637 4569
3174 3160
725 580
3801 3766
3710 3449
1485 1484
2646 2492
4048 3988
2838 2779
695 694
1935 1437
4683 4616
597 592
3178 2655
4055 4054
854 833
1624 1367
4245 4097
1297 1252
2432 2431
1995 1242
3891 3786
4268 4111
431 409
431 405
4594 4574
1435 1278
4221 4128
94 93
570 569
4863 4862
202 143
2914 2851
1056 952
1371 1070
884 846
2966 2471
1851 1812
1015 956
3423 3353
4181 4166
3770 113
2733 2575
155 154
4435 4434
337 316
4435 4432
3200 2819
1034 950
533 532
1373 1372
4239 4117
2320 2278
842 841
4221 4201
3165 3009
1522 1415
3999 3963
1340 1148
2991 2463
2740 2655
863 843
1735 1181
2835 2830
1384 1247
3110 2796
469 430
1833 1769
3486 3353
2778 2686
4398 4347
3148 3063
1026 1000
1026 1005
3870 3782
2536 2535
3684 3413
1516 1439
1128 1126
1514 1506
3128 3059
3925 3880
3898 3812
2029 1962
3708 3556
2029 1961
367 251
2785 2505
402 392
2824 2823
2923 2791
3292 2552
34 33
2549 2539
1327 1326
4194 4156
207 116
3055 2548
4046 4009
4391 4332
4391 4333
1021 969
1267 1266
3004 2671
4613 4512
62 31
4287 4204
1897 1687
4885 3642
4885 3649
4033 4026
1956 1120
1966 1965
3491 3490
545 509
4824 4780
1921 1711
3161 2959
4684 4677
3474 3308
4754 4725
1905 1075
1809 1063
2387 2216
4156 4110
340 331
3131 2944
3659 3415
3186 2874
3084 3069
4058 4015
1942 1130
4928 4927
163 162
4218 4205
1276 1100
192 144
2519 2425
4703 4487
2895 2568
2895 2569
1441 1208
2447 1184
2964 2601
1409 1290
4196 4131
3002 2773
2943 2603
550 511
1281 1280
3727 3358
175 56
1461 1117
4002 3965
2726 2531
1461 1448
1946 1575
777 743
2633 2439
2034 1965
994 941
2966 2640
728 637
3194 3174
1277 1101
3147 2884
2190 2096
2190 2091
140 30
3717 3542
2383 2235
1920 1814
3797 3774
3797 3776
1998 1608
2204 2202
4633 4621
1124 811
2916 2530
3655 3564
455 383
1200 1199
658 642
1197 1069
2169 2159
2087 1756
2436 2434
2325 2243
3722 3332
2325 2240
3163 2927
3716 3355
4387 4327
3086 2751
4375 4327
2687 2449
2177 1928
2608 2584
363 242
4168 4167
147 14
4384 4376
4384 4374
4882 138
313 295
4113 475
223 137
4148 4114
2117 1732
354 353
282 279
736 622
355 342
4923 4834
891 881
2997 2800
1361 1360
676 675
941 936
3902 3891
1183 488
3333 3297
2251 2249
681 679
1532 1298
2136 1717
3567 3436
2097 2065
4199 3763
1743 1741
1743 1742
4805 4538
2621 2556
3050 2687
4844 4841
319 251
2040 1545
1116 1113
854 851
854 850
1377 1283
896 835
4202 4121
3042 2932
4272 4224
2409 2233
213 210
1217 1075
1930 1591
1702 1586
1598 1597
191 77
2909 2594
2909 2593
1150 1149
187 169
1349 1252
3202 3186
4849 4836
2947 2799
1426 1392
1095 1093
1265 1177
4659 4581
2647 2645
3331 3330
3842 3824
2315 2291
900 846
208 9
227 169
3446 3301
1034 976
3349 3337
1523 1280
664 579
2105 1460
4018 4009
1451 1135
1396 1334
4316 4210
4401 4330
83 13
1971 1155
3413 3342
4152 4103
3916 3871
3916 3877
3888 3854
2979 2695
4317 4221
4612 4562
3473 3318
3972 3970
2076 1530
4652 2249
3112 2542
2386 2247
1337 1336
2050 1478
1914 1098
3235 3232
2357 2263
1930 1832
2222 2221
2252 2249
2667 2658
1231 1228
3880 3818
1231 1227
2731 2729
2878 2760
252 251
4194 4172
3935 3788
542 539
1442 1441
3693 3313
4391 4355
4884 4836
2668 2663
2668 2662
1267 1244
4034 4003
1267 1243
2194 1713
174 92
310 257
199 80
1634 1271
3721 3635
3271 2500
2341 2289
1960 1596
2134 2090
1895 1894
2917 2597
3823 3822
1872 1871
1924 1424
3571 3522
1627 1612
4031 3957
2003 1928
462 413
1027 1026
2612 2528
2107 2061
3737 3720
3241 2936
4746 4708
2810 2478
4554 4516
3104 2837
4385 4384
4751 4744
2099 1574
1489 1356
4890 4838
4383 4364
1915 1665
2026 1999
2026 1990
3026 2671
4535 4534
1848 1633
3567 3371
1466 1352
4750 4649
3984 3973
550 534
1461 1460
4066 4041
2550 2538
1440 1320
2317 2231
3213 3173
785 770
1391 1334
1912 1219
3946 3763
3674 3350
3674 3351
4719 4706
4669 4515
1996 1801
687 644
2969 2662
1106 1105
1862 1665
1119 317
797 770
94 92
4047 4002
4188 4089
1334 1237
3232 2983
3196 2991
2151 2118
4408 4352
453 451
3098 3050
1048 948
2151 2114
1582 1581
1531 1487
3797 3796
3246 3144
4179 4178
2629 2536
1192 1073
1170 1169
597 588
2176 1536
2045 2044
4357 4346
1569 1564
3297 3296
4357 4340
1312 1311
1518 1517
3973 3947
3748 3403
2047 1885
674 672
2349 2335
2332 2219
302 301
3601 3355
2743 2485
2743 2486
1416 1322
3250 2839
4660 4493
3230 2880
2922 2801
224 71
3557 3521
2145 2131
3784 3761
2145 2132
865 852
3701 3514
1924 1885
1989 1206
2298 2297
2298 2296
3150 2800
2971 2845
1156 1155
98 28
676 614
2129 1472
3079 2813
2811 2715
3000 2893
4072 3971
4384 4352
2175 1978
836 829
2937 2851
364 242
1883 1654
3421 3317
725 720
725 724
1429 1091
901 874
3623 3427
2402 2221
1828 1418
4761 4570
4380 4371
3907 3836
4380 4379
1749 1157
2958 2485
3175 2797
667 584
1631 1577
570 522
3501 3494
3501 3495
3501 3497
3107 2986
997 966
3705 3330
3896 3820
37 36
2908 2693
2639 2469
417 416
3229 2512
1398 1182
61 9
4742 4739
1826 1659
2098 1945
3804 3752
3971 3970
3287 2727
4889 4888
4039 4030
4889 4887
4039 4036
1353 1257
757 755
387 386
3647 3344
2153 2128
2539 2538
75 48
655 624
1863 1127
2361 2279
3058 2884
1999 1868
4899 4831
122 121
3499 3497
3499 3494
4634 2355
3499 3493
2119 2054
3004 2457
4346 4328
1449 1348
3148 2959
1451 1372
1097 1086
1451 1374
1766 1640
3935 3762
4029 4028
4391 4372
2001 1802
4552 2409
4034 4022
4496 4485
4728 4712
4728 4717
4855 980
3211 2798
4699 4697
4699 4698
2779 2724
3608 3427
2420 2327
4372 4359
3089 3070
2725 2531
545 543
545 544
4448 2562
1956 1160
3113 2530
1745 1565
1453 1419
3932 3749
1687 1673
3564 3324
764 754
4046 4045
2203 1277
2382 2289
4773 4609
2244 2208
2823 2533
3186 2529
3042 2740
2823 2534
1877 1106
119 56
541 539
342 243
4652 4644
4654 4653
4206 4160
3900 3829
2081 1460
321 320
3073 3046
574 535
3870 3781
1889 1854
496 495
1765 1358
2661 2433
167 41
4342 4338
4869 4867
3790 3780
4342 4336
4211 4187
1357 1152
2030 1893
1750 1082
2113 2110
1548 1442
2175 2031
2229 2222
2229 2223
2229 2220
1160 1063
2968 2967
610 578
3263 2957
358 309
3580 3330
4859 4856
4859 4857
1936 1894
4162 4086
1271 1270
787 756
2348 2293
3253 2800
4547 4497
2503 2502
2060 2057
4285 4093
2804 2527
3878 3875
2804 2528
4331 4329
4331 4328
4264 4214
2957 2711
2854 2550
551 550
3925 3901
4822 4798
3925 3908
2088 1760
191 150
3906 3838
4816 4541
3709 3394
3600 3426
2916 2792
4080 4079
4584 4491
1807 1300
3258 2647
538 534
3051 2922
4069 4052
1793 1741
1761 1346
984 939
4375 4368
1051 940
2047 2020
147 54
2421 2245
546 507
355 243
1274 1272
1426 1296
141 140
4049 4040
2710 2674
2324 2321
4049 4048
3049 2601
1710 1492
3106 2815
484 483
3719 3566
3033 2936
811 793
3167 2919
2967 2781
630 592
4118 4117
2405 2221
3240 2645
2390 2208
1191 1190
2983 2977
3801 3781
1467 1209
2834 490
2601 2575
2717 2466
1758 1734
2717 2465
2788 2666
2576 2450
4553 4467
3361 3352
215 214
2156 1321
139 26
4406 4361
4129 2562
3909 3888
1000 951
312 249
3922 3775
305 280
305 284
75 9
2368 2290
668 667
432 431
2659 2534
2388 2380
2764 2485
1976 1795
4744 4734
4227 4101
3917 3882
1062 1060
804 795
804 794
3746 3537
570 501
3766 3763
1175 1170
35 34
1294 1293
657 604
3187 3184
657 609
3813 3812
365 296
997 989
1800 1286
3980 3951
2158 1532
4218 4187
3090 2484
2043 1820
2439 2438
2936 2601
2439 2437
1848 1779
1584 1117
3117 2881
1512 1198
1234 1233
3788 3762
3788 3761
1950 1775
3520 3517
405 404
3075 3074
230 187
152 56
4669 4491
900 880
1461 1347
2037 1681
2842 2808
2562 81
4458 2440
3128 3030
2948 2490
565 506
565 508
3696 3504
3525 3497
590 589
2871 2553
4925 4899
4925 4895
1888 1546
1299 1298
2548 490
4336 4332
4346 4345
4106 4096
3211 2800
1719 1359
4373 4345
4391 4390
4029 4000
870 846
3894 3808
3930 3757
1387 1386
1728 1571
2156 1844
1329 1239
4290 4180
3837 3829
4624 4550
3895 3788
3895 3789
2793 2447
1260 1161
2141 1285
1021 965
1143 1106
657 597
801 800
1143 1103
4182 4180
1506 1380
1513 1512
3003 2981
3932 3762
979 68
151 85
2410 2409
3093 2697
904 831
2382 2268
4240 4117
2346 2311
4023 2717
4267 4087
4372 4371
1191 1072
1226 1129
1091 1090
1528 1193
2606 2539
4563 2423
3997 3996
3726 3585
4890 4872
91 73
281 264
2070 1842
3254 2646
1466 1465
284 282
1263 1261
4826 4651
4940 819
1364 1342
1457 1454
1457 1455
2333 2267
2223 393
2388 2246
3627 3498
2096 1093
2120 1489
2292 2290
1512 1506
4623 4583
2312 2235
4641 4640
1335 1151
4317 4128
3586 3329
153 103
732 731
847 846
4084 4083
4084 4082
1553 1071
492 478
1470 1409
2709 2700
4830 3322
3727 3595
1189 1188
4892 4851
2378 2374
1328 1326
2137 1953
2089 2054
2843 2544
551 538
495 482
1776 1698
1776 1699
2372 2282
2713 2464
4541 4534
1923 1821
2223 2221
2223 2222
435 434
2052 1772
2588 2493
1473 1151
3851 3779
2013 1671
3683 3356
538 511
4375 4342
840 839
2593 2572
1433 1431
4160 4090
4661 4577
712 658
4597 4538
2012 1951
883 882
3099 2687
250 248
250 249
326 314
791 757
2818 2817
4413 4352
2776 2500
3783 3771
1921 1716
4079 4009
2960 2606
2002 1616
3150 2798
2960 2608
3545 3449
3793 3751
3357 3356
97 40
1586 1272
394 391
1374 1372
2277 2276
4588 4487
4664 4663
928 901
928 902
3546 3320
3584 3517
784 780
3156 3139
4396 4394
4396 4391
2617 2458
2617 2456
4406 4345
4421 4420
3108 2794
2151 1602
1773 1607
1773 1604
296 284
1204 1202
4837 2312
3189 2886
2115 1574
1301 1300
4262 4203
3585 3584
1532 1238
1423 1243
689 632
4812 4755
3922 3792
3625 3583
2068 1649
1427 1342
3963 3956
10 9
3466 3329
3980 3979
1308 1131
2612 2606
131 94
1449 1205
1886 1776
3684 3484
895 869
4652 4573
3203 2977
3918 3836
2982 2628
1533 1530
1740 1572
2173 1471
4755 4721
457 405
3577 3576
88 55
648 636
1014 941
2973 2722
3722 3631
3722 3633
2306 2265
2306 2263
578 577
2020 2019
378 278
2425 2424
2825 2655
3101 3090
4340 4339
58 41
4340 4332
4340 4333
3898 3897
2911 2585
1760 1491
2911 2586
1853 1705
2361 2233
899 869
3709 3346
2083 2082
1952 1458
2972 2936
3270 3134
3270 3133
322 252
2493 2472
3435 3331
1994 1291
4294 4291
1816 1789
2283 396
832 831
2998 2880
3040 2653
3142 2815
468 450
3706 3533
3624 3590
161 27
302 282
1795 1724
680 584
1918 1691
2579 2500
1496 1090
2112 1470
3113 2579
156 153
4691 4689
897 895
2614 2522
1043 949
1101 1100
1326 1225
4369 4363
2955 2604
4818 4697
311 310
181 42
1306 1244
1819 1561
338 336
199 20
3178 2825
198 149
1447 1094
1226 1102
3005 2533
1166 1147
2060 1307
2014 1623
2875 2874
3707 3706
1079 1078
4323 4129
3855 3834
2977 2814
1412 1411
4722 4534
3821 3810
1098 1084
818 817
1738 1737
4751 4721
4654 4615
1435 1352
4025 3990
2721 2553
628 627
3266 3234
1786 1685
2148 1609
1853 1165
2351 840
153 124
2794 2607
1929 1360
3777 3775
4244 4100
4677 4560
1629 1348
3109 3063
3778 3755
4526 4469
1047 992
3965 3964
4264 4255
551 511
4107 4106
3564 3563
2883 2840
1745 1585
3198 2815
703 587
3247 2577
3638 3355
1309 1170
4931 4930
2032 1769
2590 2432
470 454
2921 2694
786 785
4568 4553
4597 4519
1030 69
1986 1492
4735 4711
3938 3892
3230 3197
1429 1119
4317 2556
2489 2428
2637 2617
3456 3404
4727 4725
2583 2582
4395 4345
3089 2754
3660 3603
3943 3778
4811 4561
4321 4284
1036 940
2855 2549
1538 1371
4232 4158
98 42
2100 1709
4410 4327
4173 474
569 540
569 541
3506 3296
4620 4522
4620 4520
2135 1093
1249 1106
3284 3030
2127 2102
751 748
4049 4007
4238 4137
465 456
1928 1272
1691 1690
4416 4351
4416 4358
4416 4359
3705 3704
3173 2936
3553 3422
4448 49
1488 1092
1291 1242
4216 4163
2938 2937
2298 2235
4902 1033
313 305
313 302
668 624
2832 2543
1432 1430
2745 2703
3158 2717
3207 2728
2053 1573
2561 2527
1049 1035
2313 2239
862 843
2622 2506
2945 2944
1727 1224
898 850
881 875
2310 2242
3179 2533
4550 4486
2155 1831
1740 1554
558 557
559 546
3903 3860
1501 1161
351 276
2282 2212
4120 108
1889 1716
4392 4374
1540 1340
3187 2633
3738 3600
318 238
616 615
1507 1506
485 482
485 484
1356 1151
4099 2556
878 875
207 205
207 206
58 25
2084 2083
2934 2636
565 543
4063 4060
1237 1236
1515 1394
3927 3848
3982 518
3137 3044
4151 4102
1178 285
2956 2604
1760 1611
4529 4488
1626 1272
1906 1676
2038 1653
3435 3314
599 597
1500 1499
3631 3302
2976 2903
1878 1685
3626 3497
4923 4912
4635 4592
3269 3209
4514 4513
3510 3507
429 383
497 485
1795 1708
4573 4572
2611 2503
1353 1091
1463 1279
3833 3832
1289 1250
2878 2815
4776 4620
1416 1134
4065 3995
4713 4707
2941 2567
2941 2565
3828 3827
1024 952
1581 1112
176 166
2709 2455
2709 2456
3041 2883
1723 1235
400 396
2110 1549
3904 3894
1256 1249
544 539
3611 3604
3817 3816
1534 1135
1242 1133
1166 1165
320 319
4206 4101
3234 2526
1387 1177
1070 1069
4465 4458
4900 4848
1687 1218
2062 1100
1624 1087
2853 2550
305 304
1844 1415
4671 4472
4110 4099
4256 4203
4359 4351
4359 4358
1686 1603
2304 2282
4779 4667
153 146
3844 3838
4456 4455
436 402
1930 1721
882 857
2025 1793
3204 2632
1006 1005
2404 2337
4364 4358
4364 4359
316 299
3129 3128
1825 1120
3129 3127
1493 1132
1308 1307
2787 2703
4716 4706
1125 427
2268 2267
596 594
3023 2897
640 612
2052 1733
2908 2843
2588 2434
4355 4333
3172 2497
437 389
3429 3337
493 484
493 480
940 939
3299 3298
1847 1613
1605 1132
2109 2104
1536 1210
4651 4569
361 244
3333 3312
1061 1060
2077 1446
2616 2443
726 694
726 692
2882 2560
4347 4345
1176 1119
2781 2727
4570 3364
4507 2241
585 581
585 584
345 262
4878 4847
3699 3480
4143 4121
2922 2553
1005 1002
3357 3310
2761 2495
2321 2320
2505 2484
2323 2321
1267 1107
4210 4181
3857 3786
3095 2585
3169 2939
2890 2674
4416 4371
2551 2538
3016 2502
2365 2363
4233 4157
730 575
3859 3858
1907 1786
4265 4250
1297 1296
2642 2474
867 831
4676 4470
1031 1019
3012 2745
1050 1024
1050 1022
1050 1023
1622 1143
4678 4677
1227 812
3105 2455
3937 3790
2730 2490
3937 3797
583 582
884 883
4732 4713
1050 956
1050 954
4732 4719
2719 2717
2851 2850
2232 2221
2961 2960
881 859
3213 2846
1951 1584
2163 1664
2834 2829
2368 2238
3662 3592
1909 1757
3208 2641
2308 2246
1653 1554
4208 4092
187 185
3692 3691
4893 4871
2385 2382
844 825
2064 1147
1257 800
4298 4181
4428 326
1776 1268
871 837
1842 1347
3393 3317
4587 4585
1526 1439
333 332
425 414
1469 1072
1046 1022
2493 2492
3579 3559
2728 2542
3174 2542
2644 2643
1192 1191
2414 2279
130 19
3012 2793
1056 1041
2583 2489
723 722
2733 2607
4418 4361
2552 2474
962 949
3115 2489
3200 2944
1037 1005
4696 4512
95 94
4820 4602
4775 4727
1850 1661
1225 1224
1329 1299
2944 2819
2113 1732
2940 2842
174 32
2593 2459
2593 2458
2981 2842
564 504
2147 2146
2098 1323
4876 4483
2125 2064
4813 4564
4397 4382
4055 3955
3088 2753
4040 3952
3370 3368
4562 4488
3267 2977
1954 1883
2508 2507
3380 3378
3222 2798
468 413
2163 2111
3689 3351
2382 2206
2007 1356
3268 2700
762 742
1416 1159
2322 2321
2860 2846
3049 2505
2019 1965
1406 1317
1024 974
928 885
1524 1223
2249 2248
140 102
2249 2242
1524 1229
1997 1729
2596 2584
4894 1030
285 255
2192 1311
3725 3359
3725 3358
4722 4578
1752 1654
2562 133
4501 4483
3151 2800
343 342
1736 1157
4415 263
2958 2548
499 214
1644 1542
3091 2689
2595 2520
1784 422
3103 2704
2477 2474
2477 2473
3836 3783
1800 1674
198 88
4650 4531
1491 1145
4907 4901
4907 4906
3096 2553
1391 1390
2099 1623
3045 3044
2384 2382
235 129
987 960
3745 3667
3745 3668
184 105
3938 3766
1216 1215
892 835
2609 2504
4065 4060
3136 2869
3609 3400
4661 4517
2238 2237
2238 2236
1019 1018
4012 3992
2901 2900
3957 3956
1032 1031
2972 2692
3016 2493
4651 4541
3186 3185
2944 2662
4584 4551
1401 1128
707 706
2544 2538
1684 1158
906 831
1458 1140
4413 4332
2184 1435
2953 2604
2953 2605
4395 4372
4395 4373
308 297
4878 4862
4461 4460
2702 2622
155 32
4143 4142
4143 4140
4143 4141
1531 1530
4260 4100
3317 3316
4413 4384
1319 1318
2716 2465
2608 2554
3895 3829
2986 2810
4676 4672
2596 2469
2511 2509
1902 1618
2815 2527
4282 4098
2551 2550
3273 2649
4814 4564
4667 4567
2984 2680
4678 4476
4269 4160
298 246
2845 2553
2411 2355
1840 1839
3855 3779
4439 4438
2173 1530
3186 2917
689 655
1677 1333
2107 2105
4214 4189
1419 1068
4648 4490
3485 3484
3003 2774
4724 4710
2624 2608
1050 937
4145 526
2146 2102
3764 3762
1928 1586
4024 2939
2190 2168
2705 2662
3578 3576
3917 3916
997 184
3917 3910
4893 4892
3010 2736
4893 4891
3551 3514
4162 4138
157 154
4193 4191
4193 4192
2936 2574
3718 3576
157 153
90 88
1912 1314
2019 1707
4063 3966
2936 2687
4381 4375
3207 2542
1841 1555
4176 4175
4879 4864
327 240
316 315
1269 1070
2231 396
1119 1118
3804 3802
4151 4147
2282 2257
4820 4599
2131 1473
821 803
2581 2575
3943 3942
2162 1742
2600 2527
421 419
421 418
4223 4157
4400 4340
4738 4731
2920 2544
1525 1166
4738 4734
1011 991
224 219
2001 1602
4068 4067
3122 2864
2406 2325
2332 2318
1506 1074
4047 3962
712 711
1334 1080
4106 4105
1641 1162
2531 2530
2900 2561
2048 1592
3211 2997
2889 2880
2376 2356
3864 3811
420 396
2701 2434
713 637
4008 3959
222 134
2944 2837
4008 3957
4794 4787
4809 4539
1685 1670
762 761
4037 4009
1035 1034
2677 2565
381 360
140 123
3719 3602
1253 1204
2009 1973
1786 1280
673 672
370 367
3743 3661
4099 4084
3652 3352
2769 2497
1351 1085
3730 3360
4720 4717
858 827
1913 1730
766 765
2554 2529
4900 4880
2956 2955
1952 1836
3278 2852
2744 2743
3153 2986
763 739
3627 3419
760 743
2795 2760
885 871
832 521
4921 4901
4385 4344
3895 3830
4825 4681
1459 1123
4649 2409
1955 1145
3005 2595
3843 3840
3713 3711
687 681
4592 4555
687 686
4862 3543
3342 3340
2857 2756
2311 2253
446 429
2982 2803
3279 2465
3765 3763
1826 1696
4345 4342
4345 4343
1537 1442
337 253
230 226
2740 2739
3060 2608
4016 3996
3283 2631
4184 4107
3198 2878
907 849
4603 3331
4836 4835
215 72
3692 3552
2403 2221
2586 2436
3197 2992
3197 2998
3418 3319
2918 2908
4585 4515
1025 964
3054 2979
3470 3468
2799 2665
4105 4069
362 292
378 371
362 299
1436 1435
378 375
1735 1358
3018 2846
1562 1298
2396 2214
4131 4130
3488 3293
4186 4128
1983 1408
4485 4478
2459 2425
328 327
1068 1067
2154 2133
2379 2254
2602 2519
2558 2475
3156 2937
824 772
2780 2771
4461 4446
2948 2629
2806 2522
1416 1415
1416 1414
2366 2319
3197 3162
3528 3422
3840 3838
1752 1649
3798 3781
2275 2274
2104 1378
2723 2469
2275 2273
4831 3331
3446 3300
2837 2691
4648 4556
3895 3848
396 393
2971 2553
1759 1652
4136 4097
2986 2878
3188 3183
3998 3949
461 435
903 831
1778 1683
2698 2434
4431 309
3755 3753
3835 3834
3221 2670
2387 2355
4772 4482
3739 3483
3131 2819
803 782
2140 2066
803 780
803 787
4138 4134
4138 4137
3166 3072
4368 4345
4827 4670
4918 4913
4694 4588
1040 1030
3692 3308
1919 1363
2398 2382
4174 4164
2405 2392
1819 1317
4398 4381
2906 2574
353 309
1536 1530
3536 3482
393 384
2413 752
1663 1628
1330 1131
1364 1203
725 634
725 639
669 655
2649 2647
2189 1164
666 665
2164 1181
3437 3355
2649 2648
2481 2479
430 416
1754 1669
459 428
4381 4352
888 848
2908 2657
3179 2595
4605 4473
4090 4084
4090 4086
1663 1337
4503 4502
4748 4728
3513 3511
2561 2494
1972 1601
4477 4476
1076 1075
1076 1074
959 942
3286 3285
2595 2430
3723 3685
1309 1279
171 170
3310 3309
2195 1117
1562 1355
368 310
1348 1199
3839 3838
3649 3618
1463 1462
1455 1418
991 963
1448 1341
1016 1015
3542 3320
3582 3329
3468 3415
3468 3412
497 492
442 394
1811 1440
3733 3486
4571 4570
1230 744
555 547
3102 3087
3700 3514
4405 4361
4399 4382
2975 2974
4807 4538
4745 4705
1893 1380
2847 2548
3164 2928
3770 3769
3259 2647
3986 3985
3767 3750
4674 4647
2091 1095
1864 1361
1504 1091
1359 1206
2485 2426
376 252
714 713
129 113
3621 3455
4386 4384
2106 2058
1915 1685
4595 4574
2980 2624
3809 3775
3724 3540
2286 2285
1950 1897
3154 2545
1416 1195
873 852
4590 4482
3275 2852
4359 4333
3920 3848
2850 2550
4443 4442
659 575
969 935
969 934
3903 3902
3694 3391
4209 4151
611 609
2304 790
2857 2779
4804 4526
4056 3955
894 846
2039 1653
1468 1173
927 921
4006 3988
927 924
927 925
2095 1460
2674 2672
3047 2522
1782 1758
1782 1759
646 645
4399 4365
3918 3911
4723 4591
3912 3855
1228 813
4162 4158
1860 1342
3588 3438
2578 2433
775 748
4476 3362
1535 1480
2681 2444
3080 2857
2999 2553
2047 2046
3651 3554
2527 2468
1073 1072
704 645
362 274
2463 2462
3100 2766
1236 1235
2996 2893
3411 3409
3411 3408
1901 1066
3787 3785
3787 3786
4506 4505
1807 1648
3669 3611
2794 2575
94 43
4628 4476
4395 4336
2558 2459
4395 4333
1852 1066
3888 3887
824 758
3586 1
2575 2574
1556 1104
4089 4088
306 305
178 177
3921 3809
4793 4792
2407 2300
3822 3792
4317 4101
1407 1219
2454 2453
1203 1202
3895 3867
3121 2959
1505 1412
3041 3037
1984 1491
3220 2711
1679 1209
4688 4484
2184 1164
144 96
3061 2725
3061 2726
2813 2662
2766 2740
3723 3356
1904 1747
3604 3541
3712 3410
4660 4658
4917 4872
971 951
2087 1583
4458 4444
4458 4448
4458 4119
2098 1600
2161 1985
2844 2544
1964 1962
805 749
805 748
340 297
2346 2218
3552 3294
3615 3591
2141 1876
4317 2621
3883 3758
4396 4373
4138 4110
4799 4675
374 353
4368 4367
184 80
4368 4365
2885 2617
3226 2502
3901 3807
2135 2096
2018 2017
4179 4177
1345 1332
330 247
4109 4108
2175 2174
4847 4834
4109 4106
1142 1141
3325 3296
2335 2243
3138 2915
1486 1140
3171 2693
1382 1381
1979 1978
3479 3468
725 616
1830 1710
773 771
4821 4640
1480 1479
1876 1508
666 605
774 764
29 14
1934 1933
4381 4335
4381 4336
3969 3968
4381 4332
848 847
3969 3967
2950 2949
3188 2653
1922 1600
335 244
2151 2054
2011 1813
811 810
1007 1005
2842 2778
4619 4605
3011 2967
1575 1545
1424 422
4540 4484
1059 1046
2426 490
1383 1243
408 407
2544 2499
3619 3429
4930 3
4373 4361
4866 4829
4866 4828
4638 4548
1541 1403
3289 2611
2979 2623
4286 4204
2374 2336
2923 2913
4376 4352
1246 1191
3544 3473
3893 3823
4866 4537
1400 1367
3128 3123
3128 3124
3128 3127
436 432
3626 3412
4242 4155
1994 1499
713 671
1406 1377
1478 1389
3222 2800
3109 2959
4412 4353
3117 3111
1796 1795
1796 1794
4376 4367
3975 3950
3975 3951
4461 132
3885 3884
4672 4630
1970 1608
2286 2264
1896 1787
341 340
2188 1471
371 246
3647 3343
3076 2783
4408 4401
1171 1170
4443 4427
3454 3453
1314 1072
1330 1329
4441 4440
3605 3603
3519 3411
3656 3396
910 831
3754 3753
3616 3332
2263 2230
4887 4864
3131 2837
3695 3694
3035 2952
2224 2222
4897 4854
4218 4087
4684 4563
2777 2506
1376 1375
109 54
3550 3514
985 984
4016 3958
425 392
3662 3613
1566 1069
3120 2864
1216 411
4729 4708
4729 4709
2787 2786
2038 1958
2016 1333
4454 4452
4454 4451
2519 2516
2810 2706
3365 3329
3927 3903
1426 1348
3218 2477
3802 3795
2876 2870
3716 3365
439 438
1047 977
2925 2924
3625 3315
357 330
3063 2959
1620 1617
3067 2702
4521 4520
4071 4060
4675 4542
930 873
930 878
94 26
360 257
427 426
3697 3312
1026 971
4146 4145
4146 4144
3589 3575
2575 2554
3589 3572
3654 3539
2315 2245
2703 2696
3464 3463
619 614
4754 4749
1371 1370
1527 1320
3345 3323
2905 2575
3140 2938
1197 1154
3978 3948
205 9
3052 2973
814 760
814 763
1224 1082
445 383
1224 1084
2918 2596
1037 971
3255 2647
4579 4555
2157 1484
562 558
971 970
1433 1306
2604 2560
992 977
4887 4841
4222 4221
4310 4209
1504 1176
568 532
2099 1838
1030 963
4926 4896
1521 1520
4078 3986
1977 1726
1275 1150
4926 4898
4800 4520
4062 4061
4396 4353
3480 3377
4073 4072
828 827
4404 4342
3041 2760
1751 1644
322 319
2559 2483
73 72
3901 3862
2182 1268
1065 1063
4536 2248
4616 4493
2959 2819
4121 4090
2150 2149
2036 1311
2256 2247
3161 3121
1423 1422
247 245
247 246
2757 2722
1678 1194
3111 2879
1207 1206
1301 1140
680 667
4656 4574
4475 4471
4045 4044
519 515
982 981
2393 2392
1615 1071
2120 1278
725 677
2719 2450
4407 4357
2759 2659
3047 3046
3228 2455
2309 2235
3527 3467
2545 2448
1403 1169
522 116
1488 1204
1515 1334
2990 2628
1921 1417
4820 4575
3144 3117
4204 4171
1522 1321
822 811
406 392
451 0
4832 4477
1993 1879
171 95
3192 2978
2078 1985
745 743
2130 1602
1474 1142
553 546
1180 1106
4324 4129
2586 2578
4376 4374
2995 2801
618 587
3731 3568
3152 2796
2816 2431
202 40
2714 2678
951 949
1878 1772
2558 2557
479 478
2386 2378
2654 2463
2406 2349
2380 2327
1458 1319
460 457
3201 3071
4412 4373
2836 2542
2742 2741
4458 569
1728 1082
561 510
3699 3675
2864 2810
3119 2993
1443 1442
3565 3418
2285 2239
4404 4367
3863 3851
3041 2740
2769 2498
4279 4277
3568 3296
2643 2501
658 657
658 656
1547 1544
3562 3383
1001 996
1505 1321
2041 2032
1543 1115
653 622
1995 1499
1521 1195
2364 2363
3281 2574
4371 4359
257 246
3683 3633
4916 4834
4035 2342
3740 3382
3017 2826
231 73
573 501
2729 2498
150 138
433 431
4392 4369
109 78
4392 4367
3426 3424
3426 3423
1431 1430
447 426
1821 1326
793 792
2350 2224
3237 2644
2959 2662
2576 2488
1780 1703
4711 4704
743 742
524 523
2094 2083
3671 3351
2211 2205
4642 4637
1502 1334
4789 4540
4458 829
1277 1276
889 848
2096 1386
3117 2879
4446 91
280 249
883 864
748 740
1905 1158
184 183
184 182
1820 1605
2144 2090
930 899
2586 2454
1523 1494
2496 2485
1790 1653
2123 1460
2359 2227
2583 2541
3697 3331
1920 1416
3908 3814
1044 986
4700 4558
4377 4353
4104 4103
4377 4357
1992 1257
1444 1361
726 725
3656 3397
4801 4520
4207 4174
4648 4549
1947 1780
4435 290
718 632
4586 4551
2781 2780
2003 1626
512 511
4313 4210
2840 2810
3819 3815
1433 1327
3632 3321
1478 1085
2604 2504
2889 2722
2562 57
1709 1226
3155 2656
1777 1165
2133 1972
3465 3459
4402 4381
4402 4384
4402 4386
1535 1286
1827 1660
3515 3498
4831 4830
3267 2787
2039 1862
4888 3345
803 766
4404 4368
4166 4087
123 122
290 288
3956 3948
184 46
415 413
4023 3960
3410 3407
3933 3918
2775 2500
146 136
789 779
1154 1081
2010 2005
650 649
860 846
1997 1337
839 838
4188 4187
4855 4851
4459 4458
2513 2498
1824 1636
3995 3973
1467 1316
356 315
463 453
2107 2094
2880 2585
1781 1612
352 351
4275 4224
2457 2447
1190 1182
101 48
3789 3763
725 653
725 650
1565 1492
3639 3343
582 576
772 768
772 769
4028 4005
3635 3634
4363 4362
3825 3771
3066 2964
4029 3971
4133 4132
3536 3316
2865 2820
4574 4477
2865 2825
1159 1158
3911 3872
1010 986
921 864
2604 2445
3811 3810
1179 1105
1167 1148
2270 2267
4211 4133
1987 1442
4144 4106
1195 1194
2115 1623
1940 1939
641 640
3592 3468
3216 2472
702 675
3875 3808
4060 4059
3618 3545
2106 1869
3402 3347
2954 2953
1739 1714
2373 2332
4508 4473
2056 1953
3857 3809
4159 4118
3289 2650
456 419
618 617
1346 1333
120 5
4826 4680
604 603
905 831
2839 2779
4171 4147
4686 4537
3612 3352
1292 1221
1530 1151
3729 3347
2792 2791
4625 4619
2952 2728
722 712
3831 3811
3831 3814
411 402
752 749
1490 1366
2839 2796
2780 2671
4111 481
4173 4111
4403 4355
4215 4151
1762 1528
1700 1617
729 728
1849 1777
1999 1917
4230 4158
3245 2893
855 854
3217 2476
4886 4885
314 277
2821 2534
556 532
2821 2533
530 525
4061 4059
4057 4034
530 528
2648 2645
3893 3779
2165 2071
2591 2480
4299 4088
3863 3834
3257 2647
4302 4301
4938 4929
2798 2797
1778 1727
3417 3416
200 184
3645 3309
606 604
1599 1589
380 331
1599 1584
3856 3853
1478 1477
1918 1583
1525 1524
1731 1098
3008 2670
2392 2331
4241 4100
4662 4543
4112 129
231 53
750 748
1324 1323
4462 4444
1338 1323
4462 4449
1044 1012
1841 1703
807 803
807 806
893 857
452 428
151 143
3558 3299
3314 3299
2119 1922
1667 1666
4483 4482
4128 4127
4128 4126
4128 4125
3159 3065
456 408
2212 2211
2212 2210
4677 3360
1243 1131
3931 3930
3567 3485
2959 2607
1613 1612
1090 1087
4388 4359
4036 4010
1350 1296
3295 3294
3467 3306
2418 2385
2418 2384
4202 4199
1248 412
4149 4114
1756 1755
2627 2509
318 317
3091 2484
2908 2553
4656 4655
1369 1368
1385 1218
3402 3401
3471 3321
1950 1360
112 72
3379 3378
4437 1119
3565 3399
746 744
2656 2428
4433 4431
3263 2711
613 612
3628 3599
240 239
2404 2225
3997 3959
4201 4111
368 257
2991 2439
749 739
1197 1196
1703 1635
2357 2215
3561 3328
4213 4207
4474 4473
1017 1016
3849 3831
4401 4344
2588 2587
2210 2205
2161 2160
1632 1389
4395 4393
4395 4391
4208 4166
3153 2883
3637 3525
4714 4710
2641 2577
2194 1224
3288 2650
3685 3683
4000 3953
3506 3505
3634 3338
4172 4087
2826 2561
311 258
498 478
3210 2711
3242 2559
3882 3881
1969 1115
2076 1210
2148 1945
4436 4435
3915 3871
123 101
3096 2843
2813 2684
869 831
876 875
2623 2608
4216 4215
1954 1614
4882 4852
2012 1599
908 849
3540 3307
4188 4166
2185 1309
2164 2112
3995 3954
2367 2293
2316 2288
2049 1837
4306 4102
4582 3352
2559 2474
392 391
4788 4588
3789 3787
563 562
4193 4172
4778 4518
1177 1094
4038 3981
2170 2159
3465 3309
1459 1267
3173 2846
1367 1085
1006 959
1962 1776
2519 2475
791 787
3702 3351
791 783
3782 3770
2116 1933
1569 1272
2000 1584
2000 1589
1167 1166
624 587
352 334
2692 2574
1793 1792
1793 1791
4891 4873
4666 4554
1059 1023
1059 1022
1059 1024
2645 2473
447 384
2043 1605
2973 2617
993 962
2262 2235
834 833
1799 1264
3279 2716
2548 2547
2548 2546
1208 1072
4196 4187
4567 4566
4417 4357
284 254
3286 3171
4373 4372
2327 2255
2050 1186
4211 4115
2934 2596
4854 2265
2966 2619
2261 2221
3212 2643
1786 1658
4086 4081
4367 4366
4086 4085
4086 4084
3360 3346
3930 3809
2772 2771
529 528
2008 1747
2558 2519
4080 4036
4080 4038
4542 4531
3733 3426
3116 2813
795 779
1874 1415
3328 3321
3328 3327
1420 1251
2758 2687
2288 2217
2722 2585
2149 1817
3284 2801
4305 4212
289 251
1323 1133
855 831
3871 3779
289 252
108 70
3085 2750
4458 521
414 413
1742 1653
559 535
3614 3468
3460 3310
3933 3897
2551 2452
2670 2435
812 758
2067 1871
1726 1242
38 36
4655 4481
4699 4520
1797 1651
1993 1551
2235 2223
2080 1755
3448 3445
3934 3796
4843 4840
15 13
2932 2740
1974 1430
4442 4441
1963 1962
3124 2538
4823 4673
893 875
2382 2353
771 767
3070 3069
1412 1321
4614 4570
2974 2618
2371 2278
3874 3873
2974 2617
2334 2287
2651 2608
173 154
1691 1583
2016 1425
3551 3414
406 405
1440 1439
3620 3316
1042 1041
2120 1356
4643 4511
4747 4740
4747 4741
4815 4564
4876 3333
3478 3310
2213 2207
1500 1365
2388 2339
2128 1472
989 987
2302 2282
3012 2814
2599 2519
4742 4741
2737 2736
3807 3806
3944 3827
2338 2336
2408 2303
4664 4509
1092 1091
853 852
950 948
1938 1929
3129 3059
3349 3347
13 5
4796 4469
1055 961
859 854
591 589
4064 3954
300 294
300 297
1810 1237
3849 3815
4251 4161
2586 2585
295 279
346 341
1833 1754
3962 3961
3962 3960
4934 782
2638 2635
2151 1922
3429 3428
3440 3299
3708 3301
4842 4840
2073 2072
2162 2152
3609 3555
2139 1101
3870 3869
4589 4585
2755 2724
3728 3687
1958 1899
4317 4186
2636 2531
4001 4000
1210 1109
2189 1352
1176 1064
813 758
1559 1080
3368 3367
77 76
630 629
4654 4523
2405 2330
2840 2706
4214 4166
3663 3349
180 177
4076 4073
356 355
4045 3961
2395 2382
464 443
2118 1451
3084 2749
3450 3302
4027 3979
2127 2014
4092 4091
1330 1192
1379 1097
4193 4154
2672 2436
3844 3807
3904 3866
3904 3865
2765 2542
2783 2505
572 509
846 844
3675 3399
1058 1052
669 587
2412 2249
4763 4566
2314 2225
626 619
3698 3689
3905 3904
912 846
2545 2429
2108 2073
3838 3806
520 518
520 519
1787 1563
520 516
520 517
340 308
1450 1218
1244 1167
1859 1353
1012 986
2937 2924
1413 1166
2718 2468
4841 4832
4719 4552
3502 3467
548 532
4304 4202
4774 4727
4894 4893
2880 2722
1834 1616
4383 4333
4517 4516
441 430
880 846
2262 2258
2262 2259
1929 1682
1011 953
3648 3344
3648 3343
4159 4154
2328 2235
1782 1549
2759 2491
4723 4722
4062 3954
1444 1061
4179 4120
1444 1062
1016 940
705 594
2033 1946
4152 4094
4151 4139
2874 2529
973 972
1490 1098
3360 3320
3056 3005
3157 3005
2167 1702
1446 1095
1021 1004
1363 1360
2334 2272
4311 4209
537 536
4520 4519
815 763
316 240
3149 3128
2021 1378
2284 2282
4659 4524
3481 3480
726 667
3025 2840
2158 1298
3672 3302
1685 1575
1685 1572
3627 3307
143 138
2976 2813
4700 4658
3614 3442
885 858
4601 4485
2419 2339
4598 4513
1033 1030
1870 1709
4407 4331
1057 997
3675 3565
3615 3451
1338 1102
995 969
837 828
4374 4367
1552 1369
4199 3803
313 249
1713 1098
315 314
4442 4421
3799 3796
110 86
4913 4870
47 44
47 45
47 46
2833 2832
462 383
799 798
4203 4187
571 509
1892 1200
2995 2553
2405 2295
3431 3373
4043 4041
1343 1097
3710 3476
2186 1953
344 262
4227 4199
2062 1908
163 43
929 890
778 759
624 623
3781 3779
444 416
800 783
4673 4534
4611 4602
4652 4552
1959 1788
3082 2747
329 254
1866 1206
861 843
3134 2697
3445 3386
4169 4167
3625 3398
4639 4470
228 187
323 308
3907 3863
1009 1005
1976 1704
2599 2459
1689 1563
158 153
3498 3329
750 740
3944 3802
464 413
3913 3823
2344 69
983 953
3156 2914
3057 2715
720 580
426 384
1383 1382
4435 4421
3122 3028
1373 1365
3045 2522
601 597
2638 2435
2699 2698
218 217
2849 2550
325 324
2086 1205
918 912
918 916
918 915
863 854
3928 3804
3928 3802
1340 1178
4690 4608
4458 4457
4124 4123
4124 4122
1818 1515
3288 2611
1975 1723
4461 24
3314 3295
3569 3355
1316 1309
1460 1104
4020 4019
3677 3319
3538 3537
3832 3830
2092 1639
2637 2545
1632 1524
2861 2860
2819 2662
4361 4336
4545 4528
207 108
4545 4523
2627 2626
4222 4136
2088 1898
1028 944
1196 1069
1028 943
804 743
1021 973
817 774
4849 2396
780 747
4219 2543
2970 2614
1028 1004
626 581
69 68
229 137
3562 3542
69 66
2741 2739
1289 1287
1289 1288
554 546
1695 1528
3431 3416
3431 3417
2042 1474
3020 2932
4676 4528
234 143
4129 2440
1049 958
1450 1274
2525 2458
403 402
2561 2452
4876 4875
2183 1747
42 41
1308 1243
3924 3923
4909 4901
965 960
4383 4359
3574 3343
2517 2516
1799 1224
1909 1644
4740 4733
1858 1693
1005 978
803 791
2114 1945
4937 4935
4937 4930
2680 2679
360 280
1013 1012
973 954
3722 3721
2620 2563
307 303
2887 2885
1699 1605
2654 2607
1021 1020
1835 1284
1829 1707
473 438
125 11
2822 2821
4687 4657
3682 3404
3665 3437
3156 2852
3156 2851
4041 4030
2383 2223
1310 1309
14 13
2933 2600
4408 4384
4408 4381
815 740
815 744
3137 3136
1622 1550
3681 3679
3938 3803
1595 1547
1401 1400
1170 1152
1170 1159
2881 2697
3026 2796
1087 1085
3579 3364
2033 2032
4399 4343
3923 3839
1779 1551
2534 2533
1525 1091
4644 4643
740 739
3576 3326
4416 4380
2616 2615
3719 3599
1807 1800
1483 1239
3265 2952
995 944
3890 3817
1304 1253
2108 1460
1574 1573
1447 1312
1849 1719
2049 1996
1911 1639
1837 1114
1045 1026
2673 2672
757 750
242 241
2648 2644
4373 4343
2648 2646
652 584
3868 3859
4542 4508
757 756
2997 2542
1438 1334
3218 3217
2126 1968
3487 3486
4211 564
3902 3860
4617 4503
1472 1268
929 878
4318 4299
2281 2254
929 872
2617 2429
2557 1131
3062 2728
3560 3512
3239 2645
2594 1308
89 87
3219 2483
1638 1547
3135 3046
2892 2564
3256 2647
3351 3336
2230 2227
4574 4573
4605 4604
2964 2575
1879 1652
2389 2368
522 521
3769 692
4883 4848
4479 4478
3187 2554
732 689
2730 2427
594 578
640 576
1388 1367
4172 2621
3331 3323
4643 4557
4668 4645
3517 3411
945 944
900 852
2179 1100
1413 1391
4429 4427
3243 2559
225 221
3886 3786
3118 2993
1422 1376
4902 4879
2305 2233
648 647
648 644
3593 3312
1748 1747
1593 1378
3680 3679
3512 3511
3512 3510
4766 4470
2604 2586
2290 2276
1353 1289
3690 3390
3511 3509
3656 3315
4147 4106
1499 1116
1832 1544
3206 2446
2910 2909
2234 2228
3176 2655
2918 2530
2124 2063
2977 2787
207 129
1951 1855
2549 2528
1951 1856
2809 2553
3591 3468
2580 2579
758 757
4674 4499
3329 3299
2521 2443
4884 4828
3741 3538
2806 2736
3706 3549
2403 2376
3227 2502
3862 3838
780 762
3844 3843
3276 2914
2201 2200
195 88
2364 2262
1820 1661
176 21
988 987
1135 1132
1506 1334
3842 3783
2894 2893
2412 2209
4754 4753
4893 68
685 653
4576 4549
2346 2345
2137 2082
625 576
2708 2445
2040 2039
1763 1256
4158 4134
2817 2565
2079 1842
4694 4692
4827 4782
4206 4199
13 12
2109 1096
2860 2545
430 388
1934 1289
1501 1250
457 394
920 831
2138 1489
885 874
1300 1286
1649 1173
198 56
2418 2222
3892 3875
1678 1245
3686 3401
3181 2530
587 586
3173 3018
2344 2343
2567 2566
4746 4704
2074 1460
1762 1255
473 412
4047 4010
3486 3485
2927 2918
1822 1325
4258 4155
480 479
1469 1187
1048 976
480 477
3797 3784
3115 2603
4179 4164
1124 822
3781 726
2291 2238
4923 4865
3557 3316
1058 945
4636 4508
3722 3356
3906 3866
191 163
1476 1308
4235 4203
201 197
1870 1744
201 198
201 199
1273 1272
3468 3303
3468 3304
3468 3305
4225 4103
261 260
1601 1600
2157 1614
1964 1823
3847 3771
1045 1003
4288 4165
355 353
1560 1081
1214 793
3276 3275
4373 4365
4373 4364
3740 3327
2712 2464
3784 3754
395 0
3608 3371
3854 3796
1764 1582
2978 2971
4614 4516
4289 4165
4701 4554
4193 4190
4163 4152
313 282
3262 2692
313 280
4384 4344
836 835
4295 4181
1954 1468
2023 1815
689 688
4664 4633
2985 2984
1867 1587
2143 1953
2838 2724
1467 1183
3464 3309
4522 4504
472 471
4653 4629
2388 2352
2388 2353
3351 3312
3247 3007
1402 1257
3189 3182
4279 4276
2618 2605
4279 4278
4221 4111
2561 2550
3534 3400
1930 1638
570 533
1540 1403
4510 4493
932 831
853 837
3939 3798
853 838
3029 2694
3180 2692
3129 3030
2373 2219
3904 3793
346 269
3896 3786
1422 1421
2139 1309
3496 3493
1429 1428
552 548
1234 1189
3971 3969
1474 1284
4820 4819
4217 4090
2839 2838
757 740
449 448
369 350
1913 1248
1692 1622
4147 4098
3999 3958
2397 2373
692 666
3457 3456
696 630
3563 3353
1978 1910
2607 2606
4631 2241
2044 1359
3055 2537
1688 1687
1231 1230
2608 2603
3321 3312
2608 2607
3281 3097
1724 1704
1030 1029
2935 2932
4803 4526
4034 4033
3724 3317
3531 3530
4728 4708
2111 1715
2827 2735
1260 1156
1869 1776
3189 2449
4068 3994
4033 4015
3113 2500
1279 1278
1579 1326
3009 2781
1051 1050
1052 953
59 58
672 584
3881 3822
685 639
1031 974
639 616
1985 1578
2382 2294
4786 4785
3090 2688
2612 2532
1449 1427
1452 1148
2075 1186
2471 2470
4751 4750
4652 4651
1733 1547
2350 2349
2548 2485
4602 4469
192 111
2085 2082
2085 2084
4781 4691
1137 1136
3236 2644
2138 1467
4135 4134
4535 4507
3563 3511
3114 2651
4271 4224
4608 4607
4342 4327
286 276
2627 2443
2963 2962
3682 3661
1744 1547
3017 2764
2370 2216
1874 1142
983 955
1839 1808
3186 3065
1570 1255
2080 1927
1699 1643
3825 3824
1454 1116
4507 4469
691 690
2627 2625
3083 2748
1401 1088
221 220
2414 2413
2191 2077
1790 1754
3717 3535
4408 4344
3077 2657
2089 1945
2159 1386
3914 3885
702 701
702 700
1622 1591
551 548
4561 4557
994 990
2686 2685
2363 2362
645 582
2791 2544
4861 3295
2283 420
931 902
1023 952
2590 2461
435 402
3284 2553
4357 4356
2691 2690
4644 4608
4418 4346
4598 4579
3538 3298
2183 2178
2416 2415
3197 2880
1679 1589
2458 2457
2458 2456
3251 2589
2813 2524
2122 1842
4914 4878
1877 1499
3251 3234
2927 2596
2680 490
355 332
2376 2221
339 338
3157 2595
2674 2585
4575 4508
3433 3296
865 844
713 704
292 291
3096 2908
1923 1419
2080 1725
3291 3289
2405 2232
2677 2458
381 257
330 329
1937 1936
2840 2760
1193 1098
632 631
2837 2662
370 251
3691 3690
622 621
2677 2676
3620 3467
154 62
154 60
1902 1235
3361 3360
4120 4119
4887 4886
3991 3990
2134 2123
3732 3504
4904 4839
3889 3817
53 24
1881 1571
3673 3351
3673 3350
205 138
3667 3541
4351 4350
1960 1899
2392 2285
4897 2214
3060 2489
3202 3159
2030 1943
3671 3421
1382 1377
2027 1940
351 287
3641 3640
3873 3845
3747 3403
2408 2386
2683 2439
1645 1606
237 236
142 35
3605 3555
4441 4439
