1 0
2 0
3 1
4 1
5 1
6 1
7 2
8 1
9 8
10 1
11 2
12 8
13 9
14 5
15 13
16 13
17 1
18 1
19 13
20 1
21 19
22 4
23 1
24 20
25 16
26 8
27 23
28 25
29 1
30 21
31 30
32 8
33 1
34 28
35 5
36 16
37 20
38 2
39 2
40 3
41 1
42 1
43 34
44 25
45 4
46 1
47 13
48 13
49 17
50 17
51 8
52 8
53 9
54 19
55 1
56 14
57 25
58 21
59 1
60 31
61 14
62 27
63 13
64 52
65 14
66 25
67 1
68 1
69 27
70 25
71 28
72 50
73 17
74 1
75 5
76 1
77 3
78 24
79 8
80 8
81 9
82 52
83 0
84 9
85 1
86 3
87 1
88 1
89 3
90 52
91 32
92 11
93 17
94 1
95 57
96 72
97 29
98 8
99 67
