1042 15644
7971 14842
14337 9649
8528 1916
6983 1616
14496 14539
5859 16373
4697 12792
8347 10085
3128 8849
8936 11535
3298 4040
16455 3857
3563 3781
3055 7027
2898 10645
6396 15644
16377 1248
2633 19217
8837 10058
3671 7473
13875 10549
8113 8895
3634 8462
8464 13685
18730 12213
7277 13582
673 14289
4126 18978
1630 8836
15841 16377
1358 5471
9261 18463
737 610
7252 5310
5129 5108
7218 3048
3604 8468
3634 6502
18951 16053
4654 6502
4378 295
4401 7504
13879 2595
9628 4921
3193 2839
3630 6340
12497 17438
3817 7765
6993 7532
3222 17730
4573 3396
5859 18819
814 427
7095 11535
8641 7009
4955 16265
12861 14943
17281 8684
2670 3261
3672 8401
11148 11055
2697 7984
8304 2542
2674 4764
6451 16274
4920 7007
12681 9630
4905 9046
3875 13291
1215 8165
18755 6484
9177 13802
10722 11567
7846 1994
2709 10621
4534 19006
3378 8420
7253 13685
3095 2925
2698 3680
2412 17082
7405 7154
884 7152
9484 13169
8642 1081
8713 4709
15378 15556
9295 10354
2753 13754
1622 1447
3244 3334
305 9584
90 2680
3564 3787
6940 7358
4810 6876
19796 5172
7474 2898
6340 2544
745 239
7398 3258
5904 4740
6363 7826
8027 15839
17564 7312
4657 4532
5847 9895
8644 1622
2699 3348
3202 1345
17815 3066
6457 13878
6948 1005
16187 2498
1724 7285
3202 3500
8557 2680
18985 19521
7332 6488
3103 2611
19089 5860
5900 5915
5699 4623
17791 14797
2989 199
3258 6686
7438 8943
1521 3945
4894 2852
11364 7036
1665 2882
673 7154
18108 13956
7219 2836
8652 13463
2675 13738
6862 6218
223 2950
15919 6954
7559 15840
1434 15686
7846 7367
11346 13435
453 3589
19167 2522
9158 9172
15670 3174
2740 3690
14383 15337
8086 6981
6614 2897
3442 1397
14885 2596
17167 2612
4398 4532
4125 44
1039 8628
6936 14820
17004 4354
2494 2368
19334 13746
3261 2662
2826 2610
13610 4982
15118 1057
13559 7164
2721 15308
9923 8131
4778 14111
9433 6653
13482 2449
16150 16090
4675 13412
1045 6103
19831 11648
4350 6107
4663 11535
2890 3993
14807 14177
3261 3056
8753 7389
3228 11096
19093 64
13879 8811
9768 1012
3108 8250
7979 10123
3873 2950
4136 7143
6673 18936
3103 2600
13043 15545
2600 3962
15106 6317
16544 17764
14473 4040
4624 18124
14507 15319
19428 8298
6853 2304
1455 1398
19502 2544
15473 6742
1459 7039
15504 11731
3099 15392
12770 7030
9002 9007
2615 3808
6330 4354
3589 10057
7700 4701
1989 18897
15451 1397
2202 7930
8011 10645
3436 3313
7370 3143
18776 19064
427 16191
6634 13798
2053 2386
604 18914
7439 6525
7846 884
6342 6478
4833 9978
7987 1405
4536 6649
15536 15554
7861 14289
9650 12924
7587 15612
11146 13451
6333 8415
11648 12694
19502 382
7596 19187
580 8841
8724 12344
2648 6228
2699 6433
1507 14153
4427 6737
6472 18776
223 6917
8872 6335
7870 17147
15668 19919
9484 303
7304 2368
19109 6870
3222 12357
2190 4886
14408 13384
11465 15687
4896 226
5860 6614
7910 7289
7198 8555
6451 15688
4740 11252
12592 12245
3630 18102
18124 8166
7861 18093
15789 2849
11400 12443
2449 3917
11027 7971
13879 2682
3222 16602
10549 2883
5860 10172
6936 3486
2590 3634
18691 10058
6942 3883
15668 7135
2697 16962
8257 13754
16147 16091
846 4221
5964 2678
3348 1119
18948 4710
7536 7282
6433 13300
3500 19502
4149 4336
2591 1135
4652 9315
3249 14101
3099 11428
19189 8144
12861 3193
10726 12183
16512 2122
9456 4955
11525 12318
1988 3143
18912 17807
1037 8556
1622 8103
8580 6793
321 7970
10796 11149
8641 884
8464 4494
18823 6450
6939 3282
2965 6340
8557 3634
9829 3605
11630 12060
7396 6993
4023 8158
7027 1831
2632 2709
15556 3872
16145 94
4809 4042
17620 17673
8857 7911
4008 9682
18002 4830
18108 7137
7187 7286
13714 6520
3247 9092
10947 13289
11913 6856
3524 10473
11456 11991
18816 8776
1039 7350
7587 18521
11274 3186
4225 6857
3061 4156
6419 9046
427 7005
3244 11541
3376 11364
7521 7068
2951 2615
19040 5570
8258 8017
6942 18261
3141 7513
9923 7802
2368 510
9511 3562
4662 6369
6488 16602
4024 3917
7473 7120
7009 9315
16459 2765
35 8885
8326 6451
6236 61
4671 15588
16059 16310
10172 2020
6983 14926
18513 7723
7401 11716
18618 7085
12815 11516
16423 14820
15645 3939
15378 18108
15945 17000
11057 13437
4230 3520
7186 7306
8484 17641
9286 9691
3876 4154
18978 14454
6573 6782
4098 3058
18736 4955
9118 1985
7580 4511
12165 14797
4904 1960
2305 1723
6490 2680
18705 11249
13117 2984
10934 12658
6218 3872
15840 7152
14996 8689
2600 3788
8886 9481
6747 19607
12001 2898
19660 9634
15783 15827
9859 9636
6945 7504
10109 4920
3729 8553
7086 4536
6489 3796
6858 2765
7028 13738
1447 10575
18612 224
7304 7143
2530 11647
2394 3259
12417 3588
8527 12358
8836 1045
147 7136
10806 1528
14607 15982
2591 7473
11467 13305
19459 7119
1569 15919
2735 6395
19636 4217
5992 15693
1616 11904
7350 7955
9245 6957
4709 1521
2625 19185
2243 1653
1040 3774
4405 3732
9665 2633
6418 2941
14052 7673
6895 1300
16373 8188
8381 303
11055 11099
7987 11629
6862 2136
2633 3731
15579 12770
7627 10093
9952 9908
16453 3050
3348 6036
11913 8637
2732 3226
13440 12411
6942 8017
6601 8926
8622 7345
7279 4830
1215 10055
18000 19191
8232 6349
8641 7285
7979 7580
2675 3359
12424 12846
3079 3287
2250 306
7506 10955
4920 9095
4495 10219
2332 1435
4817 10577
8027 8695
7182 6363
2614 7225
2626 4075
16288 14033
7580 19917
600 15451
4160 4408
8461 3941
15604 6967
6079 2861
4778 8641
6471 12491
6477 6620
3977 2938
14023 1140
19084 10644
18346 827
1628 13738
7969 3003
1346 9703
6369 2941
5739 6044
8233 7516
19064 10587
11905 6614
813 2442
2828 9628
548 3193
3108 10573
16132 16254
7697 5851
14282 3215
16175 7156
3030 1520
3258 15732
3126 8622
3943 13159
5742 6654
2987 3353
11629 5570
13528 7999
8912 10621
12357 15643
7513 3876
3237 3321
19538 8905
2660 13685
2637 3058
7307 7360
14874 3377
4122 1151
10581 1134
7587 16288
7358 15475
8195 3189
4671 8342
2758 4075
19195 18253
9512 3411
3329 2334
2696 2740
8723 18705
6572 7285
15763 4788
14146 123
18609 7104
13191 15779
7050 6489
13315 13433
19006 8905
3193 13797
8758 16093
3284 3939
3038 15842
3333 11467
7067 6737
1037 3394
8343 16602
4480 2239
6991 1215
2037 14884
2039 224
7905 9296
7822 15505
6953 14071
3202 7534
6363 18916
4706 2280
10645 2981
8462 4756
3617 4422
8938 8151
1239 18248
8474 13754
14432 4503
15372 15421
8883 13746
2992 4445
7358 7531
673 7423
8224 16433
1634 8671
4525 3630
2992 2891
2497 8028
19064 18730
260 9585
14861 4142
2837 3363
3523 8100
5668 7621
4104 4894
4354 6451
306 11624
7969 15840
7009 8594
16426 857
7911 19831
7856 1409
6282 4297
4833 19192
3652 3046
14507 15306
12218 6980
259 6047
2246 7764
13682 6234
19609 19967
8233 8158
7950 9505
8341 675
15801 19042
3286 16365
863 3605
4272 3052
8463 5904
12895 13677
19189 13481
9499 1455
10984 12818
11048 16336
3266 4820
5668 13738
4124 8938
3258 3856
2832 14330
7481 8637
11541 3890
3872 2870
7358 1224
7440 8151
19502 8300
6785 3430
8715 12792
45 3079
13367 8167
2660 13484
9260 6942
10369 14797
13457 11563
14473 2780
2611 3878
6790 2246
4961 3501
4405 3407
9245 13867
7943 1477
862 12681
1094 6510
5570 4448
3213 2708
18248 8156
3214 2449
13198 9503
9026 8581
1885 4007
17707 3939
3333 17220
8811 13867
14571 15143
1989 15842
6946 2948
6858 3583
3244 827
4788 15566
15504 6470
3229 7101
13442 12659
19064 6103
5668 9557
15446 1990
12681 7094
4624 4422
4088 7155
3773 4896
18936 2551
7218 12681
3672 2698
7019 8527
8911 3049
15420 7762
6433 1989
3668 8553
7765 4790
17185 3249
8224 2941
9296 6603
18618 6417
7136 15841
9611 1622
8886 10473
1257 6883
7027 2898
8331 8190
13283 12593
2735 6350
10287 6755
13065 11351
2749 16543
7358 17791
1447 18343
13789 7582
2808 6557
15420 7521
13608 2993
18986 3671
7435 13687
2884 8166
14500 14713
15504 4515
564 19167
2412 10114
3940 4511
15451 15840
15842 6103
2368 10574
3695 13715
5741 18556
2441 13481
3093 702
18248 7504
8304 1081
16434 8460
12177 10724
16179 183
3786 3877
1988 15841
11632 11757
2753 5858
2611 2649
7358 7879
4224 13651
8224 19713
7618 6654
598 305
2578 4794
14853 15224
2632 17827
16109 16093
7700 4811
6888 6907
3225 5570
1399 8158
3194 3669
4624 15463
3198 18936
14279 4162
7007 7305
19167 8798
3348 11242
1510 1791
4659 3959
11744 7737
4651 4453
11535 4402
885 13305
4009 10575
2898 4597
6601 1387
14438 10132
3928 4142
15117 4504
9804 2731
13649 18248
3188 7154
146 8557
13879 3874
8628 2249
3670 4231
7764 9513
6991 11275
9893 8582
14153 14954
7358 9461
8594 792
3671 3773
4769 13042
17296 17414
3195 13481
8675 857
3226 3407
4810 8907
58 95
2600 2695
8460 13878
18114 9481
11629 8644
17766 18408
7684 13650
6971 3407
8350 857
3282 857
3132 3174
6922 3026
427 1234
2632 4920
8347 792
5860 13798
19974 6883
8582 7987
4515 9682
2675 12462
18986 3064
6433 7788
13040 1885
3948 4428
8800 8404
8799 2545
2874 7154
16187 1743
7861 4904
15668 7504
3061 2074
4126 1665
7222 19003
8500 11120
4155 3809
13867 3167
1255 3949
19157 13754
8850 13687
2818 11275
3142 3376
427 7905
2651 3168
8836 8387
18755 7307
582 5962
4097 3632
7009 2660
2549 7618
6614 4808
13305 6396
7220 15482
10164 6451
2638 13411
6922 7166
12479 3470
1408 6614
45 16207
8221 3610
7834 4008
4124 3949
7987 2941
7863 8459
2717 2731
8848 10587
1455 1482
2968 3924
13409 1888
17928 19019
3822 4157
7218 19931
7441 18086
2862 2938
3590 4522
17119 17252
17154 12250
4741 7621
9659 13714
16512 1846
3005 1687
18936 9593
2591 1617
13649 18673
4955 7788
4103 4756
1153 7942
11989 12367
16030 16288
8195 604
14966 19064
6218 4959
4624 7584
7365 7751
1521 12770
12100 3634
1807 1868
12329 3792
18468 7136
17935 10890
18318 1962
3239 4327
17072 16726
3335 8118
7197 7532
8195 9418
15535 7456
2606 4167
2699 11121
8527 17807
16469 11275
8905 857
3928 4330
16273 16245
8853 6979
1257 814
3716 16595
6369 7522
1032 4562
2578 2736
19332 11541
5259 4961
12000 18426
8281 8644
10427 8853
8001 13773
7532 8806
427 3796
2680 13040
6544 2591
1637 14111
295 11252
13606 2672
15192 2763
15957 9629
8604 7340
2632 2249
15535 15504
19636 19837
7974 6570
2699 18455
6385 18462
7559 2520
7441 7567
19010 2019
5992 6282
15483 9585
1300 3202
12973 8534
44 9315
7822 7987
8024 6509
2492 7532
4024 2233
13481 9514
2964 3003
6374 321
8806 200
13448 12412
18613 1225
7401 17829
10384 6878
18246 6653
13756 1989
6755 10858
12357 6654
4652 17257
7439 18334
9787 9285
1455 13052
9418 5105
7169 13623
17791 3974
19084 3732
15483 10924
8848 15731
7388 4008
18297 6370
9625 2641
11840 13463
1622 382
16434 2530
3143 3004
7758 7807
17281 10103
265 341
2412 9503
10757 12090
8776 7545
3483 15290
2305 3588
3605 15689
274 6983
15120 15145
2163 18860
19018 15690
3917 7513
18737 16187
16266 7253
19502 6869
4655 19046
6935 4507
7749 4111
7747 7621
67 13774
1678 15957
2633 1455
5213 5109
15535 8158
12344 10645
3396 11136
7253 2702
6741 7671
3984 8907
7358 15689
3200 7792
7980 4920
3127 2537
4178 17812
10302 7135
4962 4837
16107 16191
8796 8350
7456 383
4382 4511
