351 1199
220 948
787 933
815 1014
26 886
797 1197
385 1201
70 864
345 1197
345 1196
345 1195
411 1243
52 922
444 907
569 879
424 876
241 1131
39 851
714 870
88 904
370 1214
507 1185
88 901
277 1160
20 880
696 1353
696 1356
696 1354
696 1355
715 914
786 986
485 1281
17 878
17 877
17 876
17 875
17 874
605 1266
226 1122
642 1263
347 881
35 892
678 1091
82 965
379 1218
739 1162
818 1019
536 1033
237 1128
622 1331
268 1153
2 851
344 1194
274 875
659 971
726 982
819 1330
503 1173
673 990
650 1137
570 870
818 1303
559 1119
343 868
406 949
442 1267
778 1369
663 1229
657 908
145 891
80 907
361 843
648 858
439 843
690 1347
690 1346
690 1348
815 1229
215 1097
533 1025
767 964
533 1027
341 1188
767 963
767 960
767 961
592 1182
783 1316
592 1180
592 1181
362 1148
580 889
463 891
116 917
525 890
339 990
356 843
815 1318
86 969
356 908
356 909
189 1074
452 1269
588 1056
122 1016
247 1139
740 1245
420 1252
420 1253
470 1078
654 1161
730 1086
271 1154
687 1271
348 897
219 1099
262 943
613 888
368 916
736 980
365 872
73 872
88 976
88 977
88 974
404 880
136 1035
88 978
331 868
729 1090
729 1092
828 1127
474 1280
259 1146
815 989
586 1208
165 940
745 1343
497 872
67 844
425 925
425 924
425 923
97 872
608 842
619 1086
377 917
663 1341
663 1340
817 1080
562 982
156 885
278 924
140 987
765 1297
276 1054
34 893
371 1216
229 1125
9 860
220 1108
220 1109
220 1106
220 1107
220 1104
220 1105
220 1102
220 1103
220 1101
85 968
808 1033
246 941
321 1130
146 1042
146 1043
146 1041
146 1046
146 1044
146 1045
375 1111
502 1286
502 1287
502 1288
502 1289
298 1170
216 1093
533 1290
216 1097
216 1096
269 1069
62 943
62 942
62 946
62 945
62 944
356 852
454 1219
547 1125
384 1172
441 1014
129 1029
666 1309
561 1318
466 1138
129 1022
561 1317
129 1027
357 1095
335 980
809 1176
192 1080
451 943
518 1200
296 1170
48 853
337 896
452 1270
294 1077
191 886
90 849
164 1061
746 1083
221 1118
221 1119
417 890
221 1117
662 941
115 1006
115 1007
115 1004
115 1005
115 1002
115 1003
460 1242
42 859
357 1210
115 1008
115 1009
258 1145
816 982
279 995
517 926
166 945
163 915
384 912
748 982
692 1349
69 864
821 1153
301 1084
624 1332
413 1047
539 909
302 879
243 1002
446 907
812 941
511 1001
434 1265
127 1021
410 1198
255 967
448 1070
8 859
545 865
719 1139
92 980
536 1037
304 852
283 1080
425 939
361 848
118 1013
391 1035
634 1006
455 1271
642 1334
642 1337
642 1336
715 939
400 875
683 899
492 1280
638 886
381 915
797 901
797 900
506 915
469 1091
220 1111
220 1110
220 1113
220 1112
220 1115
220 1114
220 1116
374 862
719 1264
581 1322
780 1091
468 941
244 904
395 1229
764 1346
628 1208
376 889
264 1111
502 1290
109 994
194 1082
815 1137
381 1221
381 1220
381 1223
381 1222
723 1363
572 1189
115 1010
777 939
48 913
67 849
797 1216
718 1323
763 906
815 1379
161 976
815 1377
815 1376
815 1375
129 1015
476 1239
741 926
396 939
452 946
476 1234
456 896
185 872
532 1306
532 1307
414 1217
802 943
762 1144
209 1090
242 967
132 1011
336 1151
466 1071
766 1178
703 1194
219 982
775 939
829 1100
457 1010
314 1172
737 1130
250 872
514 1213
277 1157
277 1156
88 955
490 1261
277 1159
277 1158
414 1178
326 896
326 894
662 1339
725 1116
297 936
497 1283
497 1285
497 1284
514 1149
297 1170
352 1131
336 1183
695 969
774 1289
815 1378
558 1199
27 887
715 947
82 886
65 949
160 1036
735 1129
425 1146
695 1089
486 858
793 1207
793 1208
544 865
382 1220
82 868
812 875
138 1037
74 919
343 1190
334 1070
130 865
600 1136
690 1177
659 910
151 1001
152 1018
401 853
621 965
498 843
445 907
21 881
21 882
724 1273
249 1033
270 1035
464 891
143 959
571 896
317 1046
792 1028
363 1211
652 1003
806 851
105 989
459 906
475 843
308 1172
815 1342
815 1340
815 1341
680 985
533 1308
809 1155
396 922
660 835
123 1017
198 1041
351 1150
178 872
705 1358
784 1227
372 1130
217 1098
776 887
487 982
666 1109
331 1087
530 1271
692 1324
702 1357
536 882
373 1217
230 1054
542 907
800 1338
360 853
788 1370
431 1086
750 1153
471 851
744 1344
443 1054
814 995
173 1067
715 888
680 1343
405 884
680 1344
190 1078
190 1079
413 1247
505 945
413 1248
190 1075
190 1076
190 1077
33 839
546 1041
594 1173
419 873
33 837
636 953
815 962
74 920
501 1287
390 1225
159 930
43 906
511 919
715 969
690 1012
574 1288
512 1292
380 1219
512 1291
601 1267
637 924
572 1320
572 1321
46 910
46 911
689 873
567 1224
384 1182
815 1354
815 1358
351 1200
439 1261
304 1143
45 908
114 857
810 1155
515 954
591 1005
94 981
111 998
767 1323
113 909
37 897
37 896
37 895
37 894
37 899
37 898
820 848
549 1316
549 1315
585 1075
61 941
629 1035
277 1125
649 923
77 927
549 1265
535 1310
171 1065
110 998
779 881
704 1234
490 1282
751 1100
652 1121
112 999
797 1366
797 1365
626 1065
378 1092
63 947
242 1133
242 1132
739 1245
242 1134
202 1047
736 858
18 879
616 981
821 1348
426 1227
701 926
363 890
709 997
536 1311
677 907
263 1148
14 871
261 1147
815 1244
497 924
74 939
367 1080
651 916
565 1101
567 911
159 1036
631 916
679 929
484 982
531 1023
72 951
531 1026
531 1024
531 1025
693 928
404 1018
73 857
257 1144
733 1144
316 900
736 1185
513 1294
513 1293
236 1127
91 875
755 1199
723 1359
222 1120
772 911
195 889
734 1050
483 1168
665 843
746 1138
764 1225
157 981
6 857
291 1164
291 1165
291 1166
291 1167
146 891
291 1163
404 1238
304 1171
422 1254
60 940
404 1234
404 1235
404 1236
404 1237
433 909
356 1209
356 1208
64 948
332 868
356 1207
356 1206
815 1380
62 893
128 939
723 1107
24 885
496 941
458 1272
10 863
10 862
10 861
10 867
10 866
10 865
10 864
135 1034
533 1189
818 1322
101 984
292 1168
204 1088
95 924
402 1234
556 871
584 1254
736 1228
387 1065
482 1264
100 984
147 1047
775 1368
184 1061
749 1056
398 967
303 937
303 936
303 933
28 888
690 852
604 943
552 1074
550 920
168 1063
757 1161
272 876
573 1270
410 1241
410 1242
202 1074
537 1043
695 939
729 996
307 1010
289 865
555 1222
305 843
139 867
627 1333
642 1173
797 897
362 944
349 1119
364 981
45 909
715 1361
715 1360
715 1362
149 982
370 1213
803 857
53 923
681 1138
758 1366
196 889
758 1365
553 1048
481 1091
153 1050
98 982
711 889
600 1073
572 1308
721 1139
11 860
534 1309
228 1124
96 921
408 982
50 915
441 1262
659 1338
4 853
425 1246
131 1018
425 1248
179 1070
630 1016
633 1003
600 1329
633 1006
615 1123
529 1199
238 1129
253 1143
658 1063
55 908
180 994
520 865
5 848
356 991
497 1039
158 1054
493 879
150 1016
344 1191
344 1192
344 1193
79 964
396 1230
396 1231
79 961
79 960
79 963
79 962
285 865
636 1335
536 876
752 1313
134 1033
557 858
25 885
107 991
1 831
1 830
1 833
1 832
805 1344
794 1207
128 1022
128 1023
128 1024
128 1025
128 1026
29 889
576 1035
437 1234
437 1235
227 1123
554 1031
193 1081
447 923
40 903
695 924
40 904
66 865
142 1039
413 1212
769 1214
366 865
563 843
370 1040
430 1264
710 840
644 912
389 1010
418 1016
167 1062
74 951
328 898
74 953
74 952
74 954
240 1130
242 1113
36 894
549 860
811 1064
406 1018
681 1126
187 1045
409 924
789 1370
418 908
760 892
176 980
524 1298
756 830
729 1261
613 1309
771 1171
249 1141
404 884
563 1309
88 975
454 1271
397 1017
10 868
206 1054
548 1315
425 1257
425 1256
425 1255
369 1040
731 1208
425 1259
425 1258
764 1332
686 1103
89 977
672 990
56 931
93 832
776 939
600 1330
214 856
488 1276
282 862
305 1142
54 923
54 926
54 924
54 925
309 846
404 902
719 941
264 1092
416 1119
188 1073
778 939
79 959
114 924
338 843
101 899
384 1098
253 1142
362 1049
312 1174
708 1359
384 1091
522 984
320 840
121 894
697 881
606 872
76 924
352 1202
352 1201
84 967
702 1310
731 1209
421 1254
412 933
412 935
124 1018
590 1016
407 880
813 1202
7 858
304 907
2 849
2 848
696 1337
2 843
2 842
2 841
2 840
2 847
2 846
2 845
2 844
425 888
491 1280
500 1286
343 1129
632 911
218 1099
798 1018
152 1049
299 859
56 863
759 984
333 946
812 1163
392 1227
392 1226
527 890
334 1151
609 951
329 1077
112 1001
112 1000
175 1057
578 852
291 906
695 1253
397 1161
825 1228
684 926
414 1250
474 1048
77 956
596 1328
291 875
356 1035
807 945
221 910
131 1031
131 1030
425 1260
425 1261
494 1041
306 872
414 1149
425 1064
265 1149
440 1010
254 1100
567 1319
655 1242
473 982
37 901
37 900
815 1085
267 1151
267 1152
740 1080
523 901
519 1190
773 840
474 1218
336 833
384 983
584 1203
83 966
593 995
269 975
68 950
119 1014
582 864
120 1015
119 1013
232 1126
293 1169
57 879
338 854
514 877
653 1100
667 1316
796 879
104 987
104 988
514 1295
514 1296
514 1297
698 982
738 1032
424 910
514 1298
514 1299
12 870
12 871
219 1100
117 1012
117 1011
342 1189
781 853
732 1207
812 1374
410 1103
202 969
729 966
598 1045
411 1245
411 1244
30 890
480 859
350 1198
577 1088
2 854
2 855
2 850
200 901
2 852
2 853
386 990
577 1267
71 902
736 1072
283 1162
680 1083
681 1145
614 926
729 1106
799 1371
804 1046
761 915
744 1138
623 1119
695 1247
695 1246
146 981
715 1261
700 1062
56 928
56 929
659 1063
213 1091
465 1080
56 927
676 1145
436 990
47 912
32 892
625 967
371 1215
208 984
67 845
233 945
67 841
538 1126
649 1331
659 1271
470 873
355 991
31 891
607 885
388 1224
474 946
788 1088
815 1188
815 1181
235 926
184 901
432 862
405 1240
597 1067
351 958
108 994
108 995
108 996
108 997
461 1217
108 992
108 993
508 1211
15 872
81 868
211 843
747 869
691 1204
413 924
12 869
746 985
497 1212
823 1056
499 848
51 918
51 919
58 879
51 916
51 917
327 1098
174 1051
174 1052
611 1125
595 857
526 1035
577 1272
696 1310
474 1277
474 1276
474 1275
427 1123
466 883
474 1279
474 1278
288 1163
363 938
256 990
783 860
613 1248
315 1176
315 1177
244 984
481 1217
688 1271
205 927
22 883
299 906
467 858
641 936
669 1016
56 937
56 936
56 935
56 934
56 933
56 932
294 1086
56 930
564 1309
795 872
89 979
167 868
56 939
56 938
477 982
713 955
356 1016
512 1050
414 1168
827 1094
675 914
753 943
131 1032
425 1047
659 1122
453 1271
572 1290
284 930
514 878
284 1058
514 874
514 875
41 904
41 905
182 1044
449 850
587 855
396 1017
435 868
540 1312
275 940
676 1225
247 1061
325 1179
707 1021
335 869
449 924
183 1072
141 1038
497 1116
286 853
423 1254
19 880
290 1054
403 1235
199 1084
199 1085
353 1203
169 1064
155 1051
592 1327
155 1053
155 1052
521 1302
543 1314
717 1149
543 1313
400 1233
405 998
428 1262
729 948
592 1326
592 1324
727 1209
592 1325
2 836
2 837
2 834
2 835
2 838
2 839
815 876
49 914
112 919
531 1305
531 1304
159 1059
159 1058
159 1055
159 1057
381 987
313 998
125 1019
450 1268
636 892
225 1121
393 1226
295 1004
524 1124
129 1028
322 1161
224 868
736 1123
531 1231
531 1230
674 1118
343 940
589 1016
715 1248
715 1246
599 1264
323 1178
695 1352
695 1351
695 1350
740 1140
38 902
681 1344
659 973
659 972
681 1343
659 970
637 1132
201 1086
572 1289
706 1359
754 1142
438 916
763 885
106 887
694 831
647 857
59 939
340 990
790 1077
603 848
336 869
287 853
767 959
154 868
415 1236
415 1237
103 986
177 885
397 1232
811 939
344 1144
354 1205
354 1204
239 907
815 1328
770 916
197 1083
251 1127
592 1082
592 1081
612 1122
414 1249
575 1267
186 851
57 937
57 933
743 939
137 1036
566 872
788 1281
155 1028
155 1029
243 1135
336 1186
336 1187
336 1184
336 1185
690 989
495 842
528 855
720 1264
579 1071
516 1264
661 843
549 950
300 855
515 1128
577 1296
602 1002
472 1018
75 955
87 971
87 970
87 973
87 972
768 848
791 1077
281 892
809 989
685 1345
696 1191
696 1193
696 1194
801 1364
568 866
568 864
234 926
478 1072
822 941
170 990
549 889
313 1175
549 881
346 924
531 1303
89 975
515 1301
515 1300
214 1067
664 1342
145 981
248 1140
472 1273
811 1095
472 1274
399 1061
664 1187
763 1367
133 1033
159 1056
824 1000
152 968
148 1048
324 1129
729 1364
716 834
310 1173
742 1119
429 1263
413 1246
181 1071
210 1054
383 1221
670 1065
392 1106
336 875
16 873
788 1002
686 1242
106 986
782 843
583 1323
504 944
190 955
245 1136
245 1137
245 1138
779 1268
266 1150
712 1219
203 1087
330 965
318 1122
23 884
358 1046
435 1266
414 1251
345 1169
365 1212
531 939
359 1108
541 1043
260 981
788 1296
223 835
126 1020
584 948
405 1239
404 998
785 882
543 1113
102 985
51 921
51 920
174 1069
174 1068
3 856
397 982
398 1133
682 1145
722 998
489 1019
212 1067
640 1074
617 1119
618 1091
533 939
162 1060
58 937
577 1020
252 1054
425 872
277 876
99 983
699 982
319 911
560 1147
715 1319
78 957
78 958
656 1282
497 857
826 1129
97 857
645 1223
811 1373
811 1372
311 990
162 868
763 1174
509 1190
280 1161
643 1242
214 1093
214 1092
214 1096
214 1095
214 1094
610 1018
462 891
635 1334
207 1089
728 1150
634 1120
671 1175
439 1092
695 1205
406 1147
551 1281
171 931
668 1016
620 848
639 916
815 1233
510 1274
13 871
144 1040
646 1242
333 1181
333 1180
333 1182
479 990
774 939
106 990
572 939
273 1155
44 907
231 1126
394 1228
225 861
225 868
172 1066
815 1302
686 1345
