1988 1297
8176 2710
9861 4006
8115 9085
5067 2833
5700 8472
954 5951
2539 1130
9973 8892
3767 3603
2377 6840
4713 6630
9764 4120
3093 8004
8149 7527
2090 4156
2399 3908
5084 8387
461 2610
3903 290
7816 2347
662 7558
5681 3943
5150 4630
2970 2362
6378 4802
6374 3758
9402 8271
6712 159
2101 8205
7259 8133
3961 7234
8652 6236
6343 4029
5774 8377
9134 304
2236 8204
4520 8547
2238 8832
3372 3422
3557 8089
5444 4337
2137 3416
8582 7511
4497 8777
2825 7262
4017 7486
4187 4206
1144 8891
922 3660
5650 9372
9496 7720
333 8841
2047 2159
5230 1200
2756 8216
8542 5236
2474 7610
6070 7017
1312 1538
1320 253
8735 2292
499 8261
2522 3364
1443 881
4610 3441
257 5046
7204 8892
5381 289
3032 4035
8564 2752
6832 6886
242 7159
8822 9140
3756 1615
6960 5448
6881 8487
2730 9511
7803 2043
2634 1686
4751 2835
1293 1134
3874 1101
2843 2994
5063 5911
2064 4223
4947 865
9222 2379
227 9102
7707 968
6854 9749
1582 4037
6412 6767
2436 11
4016 9756
3957 8796
6499 3040
8119 9150
450 5206
8782 3747
2832 8082
6398 1213
447 5208
3810 5806
5312 3553
8930 6952
3668 2193
4814 5806
5654 1213
4749 9674
1135 1390
2920 1725
9162 1450
1056 1784
624 3101
4140 4729
5573 5520
6940 7512
3405 4161
6770 6795
2985 8505
4680 2586
1681 5870
9306 7156
736 8739
5846 9646
2314 8798
8919 6793
8283 7823
4666 3169
5355 9452
8294 683
1572 5233
9964 774
4605 7095
6422 9132
5414 8515
3059 2204
7984 9410
8216 9184
5951 807
2615 3978
828 3654
7885 3061
8685 796
2166 6801
9852 9732
626 2812
3269 1979
2647 2721
4461 4500
4071 4318
8268 3426
6443 2146
709 4494
8890 777
4961 9130
8719 4685
7793 9873
3407 763
8986 3987
9653 5790
1118 307
4650 7438
9725 963
5177 3475
6606 797
5607 5429
5363 2380
8400 9409
4154 4349
5403 5101
4745 197
4282 2201
5171 895
612 4951
604 7010
2165 2870
1428 7614
992 3053
5068 8494
2387 505
4207 4874
2555 7780
5493 7857
6788 894
2916 8358
8859 4228
9602 6205
3529 8950
6551 3879
1346 8558
7737 895
7488 6420
4838 6704
5777 1345
7089 2784
9337 5960
3990 3765
3816 1949
8727 3969
5499 7641
1804 1768
7665 8856
6641 7774
8215 9525
803 1533
7207 4567
4658 2370
5481 119
6979 4318
762 4079
8198 5990
7758 3
9504 6554
4019 3419
4459 9834
3722 2596
4773 672
1618 9027
9115 5650
1360 9647
1827 8392
6046 4635
1082 7823
7724 5118
9608 8593
4852 5707
2106 7479
6635 6964
4708 8799
7474 5852
1438 5322
3113 5042
3186 915
2057 6051
8314 4651
3087 3009
3717 2962
2676 2376
9833 3109
1013 335
8401 7773
3109 91
4762 4624
9706 5377
6876 4235
1184 7761
7607 7577
7995 8335
9908 7190
4900 8534
2410 1504
1905 3121
3614 5320
4914 2390
3796 8295
7365 2705
7804 2595
5471 4828
2337 6078
7363 8636
2345 9972
7843 6586
7496 3607
6222 9992
8753 9357
3649 4456
3325 76
7782 6951
5797 231
4995 6580
7803 6759
1430 3660
8873 3749
3278 1063
1958 5069
6723 134
5353 3396
3002 794
558 6745
2519 2830
4550 4016
7760 5280
9614 5635
8277 7524
9525 9957
7395 6378
7960 2766
97 7413
109 6544
6516 9046
1286 5136
3937 5770
1563 4333
2173 2463
2901 5695
2845 7090
2157 3491
2333 1958
6755 5055
7634 570
1106 4231
7301 7423
2527 4438
6706 1534
8573 8116
9144 273
1752 4294
7260 8960
2735 9581
8719 8922
8571 1955
9271 4566
2367 9087
8848 148
1404 7950
7216 6399
4330 3445
836 725
5335 2394
8220 8492
9995 5335
7546 596
8354 56
7447 2925
5679 5776
8545 2031
9523 7755
9660 1811
1161 9935
2266 4544
4595 5039
9194 8826
2806 6479
7066 3418
8694 7958
2863 7252
9597 9651
8521 5056
6257 1156
7250 8671
3688 1431
9350 8660
7781 6869
5912 2386
1910 4556
752 3691
7656 2071
3840 4381
8448 3406
2185 5026
6863 925
5003 1527
9222 3175
1353 6935
4075 7901
9301 7643
8994 2833
3984 6344
1549 3105
9122 9005
1037 9234
3241 4541
105 3534
5443 5872
4155 5746
7076 2446
5632 4601
9097 6923
3912 3478
2654 4427
7196 2532
4847 1114
526 6941
3788 8319
3312 6680
1761 3031
3928 2434
1272 2507
6894 1565
6806 6487
9933 3074
5638 5474
6060 5826
2272 6875
4801 4531
2542 6531
8090 1053
4283 9265
4535 4349
3817 7774
9163 2694
5967 7948
4631 3559
4701 504
5233 8452
2692 9017
5323 1991
3090 7478
6461 1923
9885 4963
6566 5538
5139 2056
4303 1909
4428 4176
9 6418
8011 5612
7390 102
6532 7929
2500 864
126 8463
1774 7378
2731 6736
7833 189
1437 4943
6958 7638
488 4672
7042 7412
6394 2377
2003 8336
997 6150
4726 3875
4632 6861
7309 7090
1159 2802
8739 37
7300 6818
2412 6977
398 9647
9828 4030
9808 2667
1247 4034
8349 2837
843 7509
7171 144
2058 4230
8628 6315
8202 1177
5703 9060
4439 6480
5379 1972
2374 350
3473 2807
8835 5067
9686 2289
3679 1824
9382 4187
3862 3858
2084 9742
6269 9938
5717 8607
2407 8093
4137 45
42 5583
5351 5394
1817 401
7010 4266
3945 2044
7909 1003
667 5804
5143 8948
828 8888
2358 8968
9439 7642
2553 7144
3176 3916
4789 798
1110 7705
4979 5458
9834 8679
9180 2744
1033 75
9056 427
7770 7744
7856 2945
4370 7617
7961 6864
8645 5647
1907 9366
8961 8049
1967 9705
2816 4573
2223 1266
7063 9099
9595 2172
6188 1795
2316 4437
4956 4547
7148 1149
6270 474
8443 3227
845 5717
9102 89
1458 7586
1206 4559
1839 7858
3695 5816
8232 6890
6028 409
8017 6387
8880 9943
7041 6284
5669 2255
5257 5881
1356 295
7041 3708
423 9264
1474 4608
9172 4800
3544 3306
387 5081
976 3215
2577 4774
9947 3231
8884 7495
4364 3060
1779 6658
4172 7647
8071 5278
4305 8363
4612 2846
5910 1818
163 2801
9193 9229
3080 2249
157 5319
7986 7938
7817 6206
7127 5331
6956 9525
2795 9249
3231 4665
6226 2235
9353 5837
7858 4598
9130 1087
3894 5074
586 3284
7166 1573
5922 4773
3502 2538
4672 1223
1190 4770
552 7866
2222 6055
2238 6336
5303 9044
6720 7233
78 8630
1828 2256
1225 3326
2725 2656
4831 4864
9038 2395
5305 8282
3819 5299
8984 1080
9227 5286
6535 9775
2782 6863
5453 8585
4495 5006
4109 8947
267 9023
3324 9858
5593 853
764 3547
6922 4987
9115 3357
6416 2432
5175 9581
7910 6554
6186 6032
2491 6517
5599 8578
7555 6094
2922 7802
7441 3211
2828 5637
4384 2967
8467 693
442 5259
9219 8710
9755 5391
4436 5292
3603 3721
6995 7234
8371 9930
9667 7794
3660 5159
4169 4535
1046 9880
893 9371
1636 6712
9092 2162
5992 2708
2801 1920
8044 3873
638 2941
4050 2786
9740 7305
4250 9106
3403 3124
616 8946
1372 582
8222 6359
5919 6966
2528 2916
2423 7840
8858 448
6194 6409
7001 5023
1545 8880
1249 8989
9289 7977
913 4790
2166 2754
3065 7364
7009 988
3649 9236
9757 5059
9625 5876
5812 6294
5888 5723
431 6571
114 5484
2117 9636
4544 6223
5960 8221
5476 6556
5896 4788
8175 2415
4456 1562
5496 4221
2795 6753
870 8899
2193 3261
5644 3514
4715 5697
1168 9950
1018 2639
6729 2168
8033 6051
7517 1946
8619 2993
4525 9734
8685 6210
3763 9864
413 7987
4735 7184
2262 3328
5229 6308
2933 1590
2945 224
4853 7584
7613 2671
9008 8038
234 6423
4666 1627
3583 6659
9441 4467
1142 7399
402 9093
5691 6513
149 5382
920 6057
2090 812
9639 6118
7786 6113
20 1712
1449 1550
5569 3884
6914 1170
3972 8894
400 4888
5687 1642
9399 9656
6889 2933
8807 9979
3483 2624
6557 7146
4953 773
4327 7007
3662 7006
6787 7252
704 9852
9069 2891
4583 3246
5683 4202
2731 5101
6003 4729
2588 5408
8983 1527
8576 5925
6269 9633
8153 6875
2482 8159
1496 5244
4768 6009
5912 6570
9126 6396
9359 6229
3628 8970
2148 5295
6931 4305
4289 5509
8007 2414
1076 7727
109 7075
7764 9877
8283 9667
9283 6701
6298 1499
8741 1855
6681 1754
6401 7909
3164 9451
3597 2523
1732 3533
6780 9282
70 5017
1319 2179
6954 5701
1056 8565
4563 6782
3306 7365
1164 1995
9446 2769
187 5175
2122 7531
8674 4070
6819 8887
1231 1541
6323 8868
860 2509
9390 6883
4410 5174
6305 9429
6312 4524
8861 4612
1975 9271
8518 3386
3938 1881
7330 1190
1598 195
1423 3017
8695 4571
5576 3073
260 359
1496 5003
9192 605
371 6849
2731 3594
4761 8669
2440 7735
9122 7439
3037 4487
3622 371
3493 7893
7463 3791
770 277
8374 6460
2810 9603
9639 352
2835 7133
2073 1534
371 2998
3840 1573
3069 3419
5635 7885
416 892
2236 2919
2415 5000
6374 855
8907 6836
9329 2522
7549 7072
8720 4233
9653 2881
3035 2411
2451 6682
5258 6622
5733 8550
3884 3256
9461 4863
7946 1415
1595 3097
888 2281
9927 8788
2426 1097
2218 2726
8805 1362
176 9257
5453 7682
7403 4153
372 8812
9383 9519
8624 1194
866 6435
392 9019
7506 2292
4325 8839
8602 2629
8458 8789
834 6613
9470 6638
185 7518
7454 9180
1139 6111
8157 5729
1878 2750
8999 5127
9245 9055
3033 6644
3356 8252
4885 3383
9966 2544
1392 1466
1802 9389
9659 275
1614 1628
8720 436
8058 8416
3143 4638
2237 9997
4360 8873
3024 7002
4490 9624
5371 9775
1691 8762
2937 6930
6229 4626
1915 8805
6775 7059
6694 7159
6946 1550
8551 7139
5868 8326
9115 4461
2653 1096
9428 8238
1885 9311
2442 9125
8213 7302
8837 7138
2029 3324
6864 3168
2399 380
8116 6044
2774 6169
4467 6196
9954 5695
1634 6387
8156 6829
6623 6207
976 1198
6034 6338
4394 629
9128 1974
9465 2880
3300 8
3811 4922
4111 1430
8735 5909
2588 627
7557 4997
5308 2607
4828 2011
1782 6516
6571 8884
302 674
59 1687
8783 4689
5047 5196
9866 4205
4984 4860
4824 4153
3654 7119
9904 2890
8849 3310
6985 9588
1623 5399
363 5673
8971 4874
641 9451
9593 2856
5223 3415
2864 6985
8023 8680
8373 7054
6329 8563
7891 316
7217 9097
302 8146
2847 603
6413 8777
8139 7654
3663 1121
914 8133
2310 6328
3531 7767
5269 6131
7805 2183
6018 6451
8880 8269
9564 9791
8397 2457
8000 1808
3271 6593
5908 2142
450 2214
4267 4010
7964 6072
4849 4438
1360 5035
5186 116
1074 6080
5445 5193
806 3178
410 3624
9528 6209
4149 1611
4102 2522
7662 1953
8658 4175
1520 5242
1517 6466
7768 3748
511 5746
7177 1519
3130 306
4024 3071
3868 5235
1794 2276
6625 7791
8720 7904
2130 6415
8598 6801
7000 5610
8556 8390
8441 9279
5439 4148
1703 7154
2523 1210
8738 607
1486 4312
6759 6075
9516 9884
9516 2708
6767 1185
6023 9638
7215 2181
1459 1010
6762 6119
3946 9141
7295 6604
575 948
9158 3237
1741 4057
4833 2622
2302 4852
4359 2345
704 9293
1576 5160
8507 4759
3048 3723
3785 1369
1011 5158
1955 2903
9660 295
9494 8679
7542 4628
9946 2682
1614 4837
5219 7666
4071 3642
8363 7426
6528 4455
3828 4962
7561 5345
5314 575
3267 8783
496 6492
1424 3873
7188 8729
2309 8074
5127 8492
4785 7508
9463 6474
3573 8480
4988 1863
4206 4098
1210 9814
5140 6661
4326 2519
1220 6948
771 3000
3228 3060
4026 3942
