78 73
116 327
704 696
809 801
441 436
800 801
425 1148
741 739
1045 1155
1325 1326
389 381
1099 1100
467 458
1320 1321
767 759
897 898
1288 1289
1069 1067
1101 1102
241 235
744 739
894 661
355 348
235 1146
946 942
282 278
1044 1045
439 436
746 739
172 784
1279 1280
1176 1361
184 75
275 267
1066 1067
86 87
1389 1390
1003 995
906 1154
1266 1267
284 278
1028 1026
1219 1220
1059 1056
398 392
1122 1113
611 609
1188 1189
668 319
803 801
105 315
860 856
708 707
216 213
428 425
421 414
1256 1257
565 566
676 674
212 213
1149 1251
246 1146
289 1147
1463 1464
866 85
973 974
653 644
1094 1095
204 202
1136 1134
385 381
338 337
608 609
462 458
988 985
170 169
932 931
950 922
407 403
1135 1134
272 267
174 175
79 73
655 317
1192 1193
551 552
1238 1239
353 348
813 814
807 801
150 151
93 315
223 224
1355 1356
31 32
573 563
760 759
591 592
32 1138
537 532
681 674
369 370
371 370
1073 1074
232 224
526 522
964 963
967 963
244 235
1035 1036
409 403
92 93
262 257
768 590
1031 1026
761 759
705 696
347 348
695 696
821 814
324 319
701 696
121 122
102 103
399 392
342 337
1103 1104
554 552
1262 1263
782 592
1117 1113
234 235
206 202
1114 1113
250 246
975 974
515 1147
426 425
459 458
33 32
538 532
968 963
1316 1317
283 278
618 609
606 605
1171 1305
840 817
740 739
599 590
13 10
147 54
1381 1382
23 21
451 447
818 814
927 906
448 447
765 759
141 142
349 348
1134 1249
799 783
321 315
588 580
689 685
352 348
169 783
1424 1425
177 99
271 267
1459 1460
87 315
788 789
1050 1045
112 506
437 436
970 963
5 2
628 622
468 469
939 931
315 1134
1132 922
198 191
214 213
297 289
119 120
641 633
21 1138
999 995
1201 1428
12 10
1393 1394
1144 1138
1293 1294
318 319
133 124
567 568
350 348
135 522
1052 1045
1033 1026
587 580
785 783
19 10
313 309
447 1148
292 289
1049 1045
178 179
402 403
1109 1100
1377 1392
1026 1155
149 739
1139 605
907 906
830 831
265 257
1447 1448
631 622
1141 605
103 532
26 21
986 985
781 592
1362 1363
1271 1272
356 348
1173 1324
578 563
933 931
47 43
341 337
1295 1296
507 506
585 580
674 1150
24 21
2 1138
1075 1076
913 906
1084 1085
429 425
295 289
9 10
1029 1026
57 54
1121 1113
675 674
453 447
779 592
480 478
171 172
45 43
67 469
924 900
139 140
56 54
580 1150
240 235
215 213
157 73
690 685
651 644
8 2
1318 1319
1195 1385
1157 1158
50 43
1000 995
397 392
703 696
786 787
1429 1430
1414 1415
1098 661
1016 1015
614 609
649 644
626 622
985 1155
917 918
812 801
763 759
759 1153
408 403
167 114
247 246
308 300
1004 995
1096 1067
706 707
678 674
493 488
743 739
34 32
224 1146
488 1149
433 425
1344 1345
1081 1067
190 191
1466 1467
266 267
832 829
1064 1056
639 633
519 515
831 1015
489 488
83 532
360 359
891 883
35 32
185 146
552 1151
998 995
882 883
957 953
797 798
528 522
496 488
775 605
122 515
229 224
517 515
210 202
1083 1067
793 783
1223 1224
1142 1134
511 506
173 109
38 32
777 592
11 10
1161 1185
886 883
253 246
217 213
457 458
550 541
1310 1311
888 883
636 633
549 541
547 541
579 580
521 522
63 309
193 191
974 1155
72 73
298 289
158 159
1138 1156
758 749
910 911
916 906
709 707
1442 1443
497 488
101 309
731 728
1030 1026
281 278
1116 1113
109 1146
686 685
637 633
734 728
1162 1163
366 359
1202 1203
1258 1259
922 1248
965 963
354 348
422 414
700 696
1252 1253
327 1134
612 594
410 403
1299 1300
1366 1367
561 552
1372 1373
1018 1015
825 814
117 118
764 759
1383 1384
1013 1006
1260 1261
357 348
152 54
745 739
465 458
667 319
610 609
1023 1015
125 126
605 1156
1124 328
640 633
293 289
671 319
483 478
176 175
368 359
145 146
601 594
958 953
1179 1180
113 114
622 1152
1370 1371
1455 1456
242 235
720 718
710 707
80 81
1378 1379
694 685
218 213
1040 1036
46 43
977 974
413 414
934 931
1089 1350
48 43
790 783
291 289
516 515
1369 1391
374 370
236 235
1039 1036
1457 1458
1065 1056
1107 1100
434 425
723 718
161 605
863 856
30 21
238 235
189 109
525 522
771 590
574 563
854 845
828 829
698 696
1060 1056
1167 1268
455 447
199 191
870 1006
594 1150
131 132
1197 1386
1273 1274
683 674
1015 1155
981 974
666 319
920 817
1283 1284
18 10
440 436
1170 1171
393 392
75 829
1108 1100
261 257
824 814
726 718
405 403
274 267
791 783
624 622
494 488
3 2
461 458
1183 1184
801 1154
1014 1006
1008 1006
1085 1090
165 166
1407 1408
479 478
270 267
851 845
260 257
1110 1100
1024 1015
590 1153
544 541
1011 1006
755 749
598 580
380 381
531 532
510 506
363 359
992 985
55 54
1314 1315
500 499
1007 1006
849 845
1435 1436
575 563
10 1138
1215 1216
243 235
805 605
17 10
843 829
621 622
304 300
1395 1396
478 1148
100 101
727 728
1329 1330
562 563
197 191
460 458
903 931
558 552
644 1150
893 883
646 644
96 97
427 425
1399 1400
1461 1462
29 21
504 499
869 870
652 644
1431 1432
735 728
514 515
564 563
609 1152
148 149
259 257
1112 1113
589 590
280 278
382 381
762 759
1254 1255
1020 1015
921 922
208 202
819 814
881 868
39 32
715 707
696 1153
1290 1291
798 1246
209 202
697 696
256 257
955 942
386 381
560 552
473 469
935 931
811 801
264 257
424 425
890 883
51 43
707 1153
938 931
654 317
1164 1165
716 707
684 685
6 2
1301 1302
85 1036
168 169
1269 1270
691 685
1001 995
388 381
445 436
1422 1423
436 1148
856 1154
403 1134
1437 1438
1297 1298
820 814
672 319
928 922
959 953
664 317
1308 1309
207 202
1236 1237
513 506
182 183
839 829
615 609
1130 328
931 1154
847 845
16 10
995 1155
418 414
383 381
1146 1156
77 1036
40 32
1022 1015
627 622
294 289
1418 1419
766 759
443 436
677 674
1128 328
188 73
699 696
1416 1417
529 522
226 224
1242 1243
469 1148
452 447
1127 328
984 985
923 906
73 1146
688 685
724 718
750 749
850 845
1190 1191
873 868
505 506
808 801
213 1146
449 447
757 749
186 54
325 315
27 21
1148 1250
458 1148
414 1147
134 135
130 109
329 327
1054 1045
419 414
555 552
306 300
1221 1222
557 552
22 21
1230 1231
126 499
1312 1313
128 515
1181 1182
979 974
804 783
629 622
91 73
1205 1206
506 1148
1062 1056
1055 1056
1092 1093
1285 1286
719 718
502 499
251 246
205 202
982 974
662 317
1063 1056
302 300
943 942
1048 1045
902 903
969 963
492 488
239 235
140 309
110 109
279 278
796 605
844 845
576 563
1303 1304
971 963
817 1247
115 116
990 985
1115 1113
471 469
889 817
252 246
90 81
301 300
926 953
20 21
191 1146
1113 1156
756 749
718 1153
747 739
586 580
476 469
864 856
880 868
484 478
348 1148
685 1150
524 522
81 1100
728 1153
535 532
1002 995
570 563
918 1343
94 95
491 488
1143 1138
1277 1278
1444 1445
1025 1026
62 63
129 85
127 128
466 458
978 974
795 783
446 447
953 1155
638 633
867 868
201 202
1204 1465
679 674
714 707
837 838
53 54
900 1292
961 953
623 622
194 191
227 224
278 1147
657 317
748 749
1046 1045
835 829
876 868
401 392
307 300
1374 1375
316 317
303 300
219 213
1351 1352
617 609
487 488
879 868
160 161
222 213
1158 1159
1156 1157
841 829
669 319
15 10
156 54
533 532
1119 1113
857 856
202 1146
1331 1332
142 300
1131 328
1211 1212
400 392
1198 1199
228 224
358 359
59 54
495 488
71 478
1082 922
1123 328
987 985
806 801
249 246
343 337
742 739
124 499
919 906
268 267
1072 953
553 552
1155 1157
602 594
904 903
248 246
435 436
842 829
203 202
346 337
730 728
670 319
1032 1026
656 317
501 499
1133 1134
320 315
1042 1036
432 425
996 995
774 605
359 1148
98 99
645 644
58 54
823 817
154 155
749 1153
373 370
285 278
896 817
1038 1036
456 447
603 594
231 224
1335 1336
137 138
1420 1421
1333 1334
682 674
438 436
1200 1201
1126 328
28 21
305 300
997 995
1353 1354
536 532
1322 1323
1234 1235
74 75
233 224
1401 1402
862 856
82 83
1163 1204
406 403
1087 1085
802 801
1137 1138
375 370
776 592
42 43
309 1134
518 515
1209 1210
277 278
1433 1434
1077 922
936 931
1009 1006
180 181
381 1134
754 749
312 309
1217 1218
326 315
660 661
780 592
773 590
153 146
1145 1138
151 759
69 309
95 328
620 609
559 552
372 370
104 105
322 315
833 829
257 1147
337 1134
1086 1067
1281 1282
351 348
286 278
89 73
162 163
989 985
1125 328
99 499
143 144
814 1154
384 381
1105 1100
983 974
1327 1328
865 856
1240 1241
737 728
625 622
472 469
196 191
739 1153
220 213
633 1150
930 906
390 381
379 370
334 327
258 257
875 868
1228 1229
635 633
37 32
394 392
54 1146
852 845
512 506
1174 918
1154 1157
834 829
296 289
475 469
827 814
769 590
123 124
1346 1347
878 868
595 594
200 191
290 289
415 414
1106 1100
245 246
1213 1214
1036 1155
333 327
221 213
925 926
980 974
616 609
673 674
376 370
543 541
542 541
532 1150
829 1154
600 594
905 906
4 2
485 478
181 257
650 644
44 43
944 942
118 515
941 942
1359 1360
954 942
721 718
166 590
64 61
331 327
311 309
993 985
159 759
717 718
534 532
816 817
392 1147
522 1148
845 1154
523 522
1177 1178
1207 1208
899 900
733 728
1041 1036
1453 1454
1348 1349
838 1138
175 1026
940 931
1021 1015
1225 1226
994 995
317 1150
463 458
144 718
65 61
597 594
276 267
859 856
792 783
1012 1006
770 590
431 425
908 592
255 246
1006 1155
25 21
387 381
848 845
132 515
1387 1388
1199 1409
1097 552
1203 1446
88 87
1275 1276
1067 1156
340 337
783 1153
1111 1100
60 61
858 856
1079 1067
548 541
155 985
1172 1173
619 609
481 478
915 592
1397 1398
1449 1450
106 107
482 478
195 191
1339 1340
892 883
344 337
450 447
367 359
687 685
108 109
1140 922
287 278
680 674
658 317
183 817
693 685
328 1156
1118 1113
107 506
66 67
1405 1406
810 801
314 309
1070 953
84 85
310 309
909 592
596 594
254 246
179 836
540 541
912 883
370 1147
499 1147
937 931
725 718
111 112
1037 1036
541 1149
751 749
1005 1006
14 10
1071 953
7 2
826 814
951 942
1017 1015
230 224
498 499
563 1150
377 370
508 506
642 633
1150 1156
692 685
1129 328
430 425
929 906
1120 1113
339 337
663 317
874 868
423 414
556 552
569 563
1165 1227
972 963
1410 1411
1078 922
288 289
1357 1358
1178 1380
732 728
1047 1045
490 488
853 845
114 499
713 707
1051 1045
607 594
52 43
581 580
885 817
503 499
962 963
163 1441
945 942
702 696
211 202
335 327
76 77
1412 1413
146 315
630 622
1010 1006
464 458
753 749
1027 1026
416 414
1053 1045
545 541
871 872
1368 1369
454 447
299 300
822 814
539 532
778 590
404 403
1186 1187
319 1150
659 317
901 883
509 506
263 257
1306 1307
991 985
1264 1265
330 327
225 224
362 359
577 563
378 370
1232 1233
269 267
632 633
1364 1365
1244 1245
868 1154
571 572
604 605
68 69
1337 1338
70 71
1196 1197
1034 1026
613 605
1426 1427
738 739
648 644
736 728
486 478
1061 1056
192 191
61 469
41 32
444 436
365 359
1403 1404
187 73
976 974
267 1147
36 32
846 845
470 469
1068 1067
1153 1157
722 718
1168 1169
164 114
300 1147
1100 1156
883 1154
442 436
960 953
1058 1056
391 392
1341 1342
583 580
411 403
1166 922
815 798
97 327
138 309
592 1153
752 749
712 707
1088 1089
43 1146
336 327
1194 1195
661 1138
332 327
966 963
120 337
1057 1056
794 783
417 414
582 580
1160 1161
914 906
395 392
952 953
520 515
1056 1156
420 414
584 580
1169 1287
361 359
772 590
593 594
1175 1176
948 922
1376 1377
412 403
273 267
1451 1452
729 728
1080 1067
647 644
527 522
877 868
855 856
1019 1015
887 883
956 942
942 1154
643 644
665 319
477 478
861 856
895 817
963 1155
136 109
947 922
1043 1036
530 522
396 392
634 633
1159 1167
949 942
345 337
1090 1091
711 707
1147 1156
323 315
237 235
1439 1440
364 359
546 541
474 469
49 43
884 817
