1109 1111
1129 1140
78 79
1099 1100
377 998
752 753
1129 1130
137 690
548 549
346 445
902 903
470 1068
1105 1106
216 217
453 478
453 479
230 400
42 876
204 206
204 205
75 486
745 755
698 700
12 559
487 672
223 224
369 370
526 527
580 1155
428 429
92 93
316 522
54 55
121 122
128 572
1103 1104
206 207
160 210
274 275
896 1064
141 142
254 860
788 789
147 148
468 469
971 972
300 301
198 199
12 13
783 784
43 51
43 50
561 562
484 485
567 568
190 543
713 714
141 459
26 27
928 929
507 508
339 531
339 532
1038 1039
688 1043
56 57
278 711
8 9
12 30
181 182
46 889
200 201
279 1008
453 885
401 402
131 132
482 628
452 453
414 1015
942 943
108 496
581 928
761 762
982 983
587 812
565 566
1062 1063
69 414
69 415
337 443
882 883
35 36
504 505
517 518
998 999
125 573
603 604
32 33
993 994
620 621
521 522
103 669
106 457
280 434
106 458
454 874
280 433
416 883
516 1108
439 440
297 298
229 858
101 398
101 397
68 669
64 842
1059 1060
225 709
225 708
68 863
1024 1025
838 839
304 519
442 443
275 276
353 450
593 918
602 603
48 49
426 427
238 239
1118 1124
711 728
51 52
39 881
709 809
259 467
259 466
600 830
250 251
267 552
177 178
556 557
723 724
974 975
43 44
974 978
564 565
148 149
141 687
171 400
801 802
463 464
600 829
256 257
381 382
658 659
913 914
764 765
163 212
373 793
144 145
433 1020
650 651
954 955
19 627
110 493
654 655
110 494
110 495
383 384
100 681
1127 1128
16 17
445 969
1088 1089
919 1131
433 434
188 189
73 1037
515 785
772 773
13 1138
1055 1056
793 794
122 1150
205 206
284 285
960 961
235 236
254 255
57 86
947 948
779 780
514 558
137 169
286 287
524 525
874 875
510 758
412 1014
559 593
538 539
808 809
127 128
281 897
281 896
748 749
357 358
227 228
822 823
601 602
123 1149
586 587
265 509
238 1092
353 449
107 108
269 270
264 265
268 269
589 590
1034 1035
199 200
968 969
58 59
470 471
39 876
39 875
809 810
166 167
740 741
709 811
440 528
336 337
724 725
440 527
82 83
802 807
794 795
27 561
254 403
729 730
104 105
696 1081
18 823
530 531
143 144
1097 1098
389 390
394 395
767 768
595 596
24 1110
123 124
386 387
415 416
228 811
245 246
563 1154
843 993
4 5
482 483
784 785
402 475
377 1006
346 965
65 66
614 716
110 1042
540 1112
186 187
370 623
352 353
206 1170
46 1036
320 321
389 861
93 374
93 375
236 501
686 887
376 796
682 683
284 291
284 296
284 297
1049 1050
236 502
578 766
578 767
143 893
137 171
179 180
317 945
509 1053
980 981
641 642
559 560
77 677
581 582
57 562
49 629
871 872
164 599
918 1129
120 1145
265 512
186 718
704 705
618 619
429 430
604 605
317 318
50 51
224 225
1041 1042
277 837
121 1145
859 860
326 327
345 346
1160 1161
464 1047
725 1116
1057 1058
294 295
832 833
545 699
132 133
229 230
671 672
671 673
322 323
497 893
634 635
1090 1091
265 266
156 157
1101 1102
606 607
792 949
410 411
315 316
23 537
667 668
23 538
311 312
506 507
203 577
839 840
64 411
338 339
187 1083
140 141
197 242
197 243
867 868
483 484
574 575
164 844
277 284
768 769
663 664
523 951
278 279
1117 1118
142 143
424 425
447 448
173 174
177 715
1014 1015
520 521
1093 1094
134 135
818 819
1122 1123
510 511
437 438
826 827
138 864
241 563
476 477
202 203
103 104
126 1161
397 669
532 533
65 1012
933 934
588 589
362 363
746 747
191 192
369 840
48 74
188 699
613 614
24 25
1086 1087
529 530
894 1065
894 1066
337 954
722 723
411 412
308 309
51 538
54 540
217 288
215 216
1063 1064
280 287
943 944
282 555
280 281
1054 1055
39 413
39 412
705 706
302 303
957 958
19 20
11 12
367 590
756 757
605 606
206 248
72 73
635 636
563 745
563 746
893 1044
600 819
637 638
1145 1146
228 834
228 835
64 394
7 411
876 877
181 234
181 235
125 126
653 654
85 914
69 633
69 630
464 465
462 464
113 114
462 463
183 184
46 47
770 771
392 393
236 237
563 564
276 578
1070 1071
1003 1004
277 290
1107 1108
896 1069
1031 1033
1151 1152
285 286
34 1159
432 433
13 596
1040 1041
36 631
405 406
683 692
965 968
246 276
1167 1168
177 1030
462 717
151 152
271 272
856 857
505 1052
939 940
577 931
489 675
100 101
8 479
390 391
664 665
535 536
57 541
42 881
42 882
827 828
550 753
768 1156
768 1157
196 197
6 7
684 685
334 343
597 884
407 851
106 107
207 208
950 952
1168 1169
226 227
442 953
90 798
984 985
1173 1174
239 240
680 681
280 292
39 40
1141 1142
40 41
817 818
141 715
120 121
214 249
341 854
212 1171
136 137
301 302
20 21
118 119
377 711
781 782
569 570
697 698
1113 1114
201 202
240 1118
751 752
638 639
966 967
319 406
319 407
884 1023
995 1010
303 304
267 268
299 314
15 16
857 858
224 808
161 162
455 456
1133 1134
329 408
628 862
98 99
329 407
728 1009
154 155
270 1126
7 23
7 22
4 855
629 902
791 792
305 306
249 250
778 779
332 333
769 770
518 519
246 247
1011 1012
1011 1013
232 424
180 181
277 378
191 719
824 825
47 486
241 549
1104 1105
1132 1142
512 759
698 699
88 89
284 310
532 959
162 163
70 417
323 324
403 1008
49 50
441 442
143 498
320 866
320 867
701 702
550 742
379 986
955 956
617 618
91 92
395 396
925 926
744 745
439 950
600 601
107 673
27 28
604 634
853 854
575 1150
816 817
655 656
1119 1120
9 561
219 220
83 84
272 273
1056 1057
376 797
240 546
240 547
313 314
346 347
577 1164
1061 1062
37 1011
12 27
66 67
107 695
471 472
703 704
111 112
598 1072
598 1073
725 1091
702 1082
145 906
145 907
498 499
468 1067
696 697
506 751
77 78
892 893
179 499
679 680
835 836
380 381
789 790
299 300
413 414
339 340
544 545
180 1031
180 1032
68 69
375 831
341 408
269 1125
375 832
313 321
738 739
70 670
771 772
192 194
662 663
728 1010
1102 1103
846 847
1058 1059
515 516
254 995
568 569
763 764
1079 1080
884 885
926 927
765 766
462 735
647 648
623 841
436 437
153 154
114 115
1132 1133
643 644
281 756
477 478
683 684
187 188
455 882
456 457
448 973
709 710
137 994
217 616
359 360
269 553
265 551
2 3
475 476
243 244
74 75
83 632
916 917
218 219
333 334
6 880
398 399
262 748
497 696
421 691
421 690
79 80
106 693
337 338
385 386
130 131
686 687
851 852
424 712
813 814
31 32
591 592
420 421
87 88
30 31
1165 1166
14 34
193 1153
46 485
347 348
41 42
95 96
189 719
458 459
99 100
537 621
537 622
7 889
23 24
363 364
167 168
739 910
72 888
119 120
545 702
903 904
422 683
288 289
998 1001
998 1002
175 176
402 403
465 466
722 1092
253 995
830 831
733 734
534 956
282 283
566 567
47 48
1084 1085
803 804
675 676
69 70
139 140
1135 1136
107 1040
399 682
107 1044
45 46
149 150
799 800
636 637
470 896
342 976
626 627
639 640
90 91
516 517
343 344
685 686
401 1019
9 1074
35 392
760 761
659 660
624 625
329 330
266 267
232 401
528 529
911 912
461 1018
797 798
766 922
969 970
38 39
513 1095
100 137
644 645
499 689
492 493
579 580
158 159
580 581
279 280
10 11
394 987
570 571
439 523
270 760
70 879
1158 1159
264 510
117 118
1162 1163
413 1029
145 146
512 554
895 896
49 485
353 354
284 847
80 81
284 848
429 732
325 326
348 349
262 263
360 361
995 996
728 729
900 901
918 919
707 708
268 754
22 409
61 62
554 760
18 19
550 741
754 755
607 608
55 56
488 489
1164 1165
235 1051
651 813
10 536
133 134
252 1009
869 870
508 752
508 753
7 453
7 454
208 209
694 695
504 910
938 939
852 853
93 600
168 169
1100 1101
370 371
804 805
894 895
145 701
1098 1099
651 652
342 343
56 912
503 504
440 441
688 689
499 500
172 173
43 411
505 506
233 428
504 737
898 899
379 380
504 738
233 427
403 404
89 90
100 633
95 668
450 451
236 720
107 674
310 311
196 241
511 512
572 573
499 698
96 97
711 846
711 845
1134 1135
230 231
430 431
94 95
429 1016
109 110
446 447
262 894
777 778
194 196
194 195
106 891
721 722
502 503
1046 1047
155 156
965 966
316 317
307 308
1074 1075
273 274
533 534
1137 1138
1021 1022
358 359
959 962
959 960
1155 1156
987 988
924 925
880 881
962 963
373 374
81 904
312 313
270 271
203 204
28 29
603 985
375 376
419 420
86 1143
608 609
712 713
1087 1088
609 610
936 937
815 816
39 628
416 670
642 643
196 1153
619 1139
795 796
633 842
258 259
762 763
467 468
367 382
536 1139
673 674
566 580
138 139
387 388
365 366
500 501
203 246
633 991
633 992
461 462
592 593
432 465
59 60
144 497
144 496
133 678
37 628
173 424
173 423
25 26
409 410
873 874
152 917
390 855
614 615
195 196
236 735
229 730
229 731
126 127
432 1019
70 456
84 85
979 980
400 401
234 1031
189 190
7 8
233 1033
425 426
335 870
615 616
874 1028
211 933
594 595
945 946
76 77
842 987
454 881
347 956
454 885
71 72
289 290
776 777
225 226
327 328
829 983
505 750
543 544
164 165
543 545
557 558
682 1026
868 869
872 873
204 247
231 232
336 444
105 106
233 234
1006 1007
508 1048
143 497
489 490
790 791
717 736
562 911
416 669
396 397
1147 1148
139 422
139 423
480 481
181 499
319 320
758 759
503 1046
204 931
204 932
734 735
1120 1121
1085 1086
448 449
490 674
22 885
486 487
676 677
331 332
169 170
988 989
174 175
919 920
255 256
246 747
299 474
1116 1117
130 164
102 103
975 976
344 345
33 34
623 624
115 542
13 14
459 688
213 214
908 909
459 687
108 109
287 865
64 65
44 45
666 667
47 890
699 700
929 930
185 186
265 753
9 10
922 923
1095 1096
339 957
221 703
29 30
115 149
587 588
137 399
194 1116
825 826
211 212
350 351
946 947
9 537
1076 1077
192 193
821 822
171 172
862 1027
50 629
687 1030
552 553
90 604
144 1080
1016 1017
141 179
141 178
781 897
706 707
51 901
434 468
253 401
190 191
240 241
164 373
418 419
361 612
324 325
361 611
907 1082
535 591
10 561
877 878
1169 1170
253 711
222 223
152 153
110 111
217 218
136 681
261 262
242 1154
252 253
547 548
786 787
130 372
355 356
1004 1005
97 98
608 800
297 865
714 715
45 888
292 435
891 892
981 982
548 910
181 735
958 959
23 1109
781 898
661 662
105 670
105 671
105 673
298 783
836 837
2 17
244 245
828 829
23 1078
1017 1018
56 540
56 541
850 851
236 718
236 717
472 473
84 115
84 116
62 1144
181 1049
3 4
400 424
459 694
587 820
460 1045
581 775
158 577
17 18
197 198
304 305
159 160
37 863
657 658
646 647
698 908
698 907
514 515
351 977
107 144
334 335
512 513
935 936
878 879
1073 1074
431 432
19 389
19 388
186 188
67 68
421 422
180 499
53 629
1066 1067
182 183
918 1128
338 954
479 620
715 1031
223 802
559 594
195 1124
368 369
117 150
117 151
720 721
445 446
584 585
304 520
413 876
1089 1090
65 393
555 556
65 394
306 307
347 444
72 671
52 53
428 733
428 732
314 315
112 905
85 86
539 540
53 54
736 737
253 254
260 261
109 1079
814 815
465 748
341 350
692 693
366 367
81 82
739 740
1025 1026
62 63
490 491
460 461
674 890
710 810
477 900
768 935
999 1000
293 294
805 806
160 161
330 331
401 731
401 732
409 862
990 991
583 584
806 807
291 292
963 964
487 488
328 523
538 1110
725 726
948 949
157 576
112 113
137 138
305 942
438 439
263 264
473 899
168 856
184 185
42 43
277 278
920 921
575 576
43 454
43 455
773 774
660 661
343 351
798 799
1090 1115
257 258
541 542
440 950
848 849
8 561
384 385
625 626
47 73
612 613
525 526
37 38
241 242
409 1024
221 222
691 692
787 788
1002 1003
473 474
1131 1132
284 405
284 404
905 906
940 941
81 542
81 540
81 541
481 482
469 470
335 336
523 524
170 171
1019 1020
849 850
364 800
364 801
553 554
597 598
232 233
757 758
237 910
361 362
116 117
1118 1119
122 123
729 859
743 744
180 460
478 479
297 866
155 1146
190 1113
377 378
508 509
146 147
491 492
491 494
491 495
846 997
846 996
739 752
75 76
915 916
129 130
292 293
795 844
298 782
148 543
86 154
193 194
416 417
220 221
173 864
259 260
188 546
188 545
341 342
312 435
549 550
665 824
70 71
1121 1122
504 749
758 1069
1171 1172
321 436
36 37
643 984
136 843
8 480
749 750
726 727
649 650
156 576
693 887
693 886
321 322
582 583
417 418
402 452
1050 1051
567 775
176 177
210 211
351 352
550 551
101 102
237 238
11 560
