597 1021
1105 1612
585 1718
1248 1283
1367 630
344 1292
344 1290
497 733
1580 1417
862 1697
377 1598
977 1598
1056 496
327 985
154 1032
57 1032
981 412
1580 1748
151 1619
151 1618
485 1197
76 652
182 1542
76 657
378 242
1212 1284
1169 1704
837 936
609 1241
149 1346
308 1438
1351 213
610 357
816 652
816 874
177 1704
226 52
206 930
1594 1250
206 936
76 1313
1412 693
1518 1313
872 344
162 1580
166 149
1588 926
1368 1698
306 563
1386 1012
136 1554
1273 1332
258 590
151 1301
587 1320
619 442
1632 1586
1632 1588
672 614
1095 831
1676 628
251 451
536 1238
869 1529
1533 1239
1301 886
1602 1314
1579 1303
1579 1300
1591 866
464 733
977 888
650 1687
1653 1030
1244 1655
659 1166
1244 1650
621 1508
1244 1653
781 628
1230 1175
1650 1703
236 1665
1559 1114
1653 206
1441 1015
1584 1669
1351 1292
1546 1415
53 497
1007 693
1671 1704
767 393
303 1461
31 1631
344 497
299 520
1210 1540
321 358
1224 822
349 717
249 426
344 723
1015 609
1197 500
79 657
930 1170
920 1725
608 1444
207 1434
834 1102
408 1104
791 183
779 571
981 1588
981 1589
1540 1178
1607 1408
183 1708
356 592
1749 936
588 551
965 822
1064 1570
668 1225
1245 1232
358 339
1313 579
989 715
1605 1232
67 1330
1671 1672
981 646
235 1404
235 1403
225 706
225 709
235 1408
1614 1730
1570 922
1570 926
457 1293
1044 335
362 1367
485 1665
691 1432
1086 753
1580 1354
973 460
891 1250
405 1745
1626 1637
1588 1714
831 888
435 424
75 630
723 651
435 429
206 1562
206 1563
347 470
59 451
1105 571
365 874
201 488
1127 460
537 1104
141 571
791 1022
791 1023
237 1056
1509 238
1211 543
791 1024
791 1025
721 450
1246 1731
243 1250
610 1704
840 1594
1212 1490
863 1370
1632 1622
619 1247
237 1134
1509 583
344 54
149 1570
791 1289
17 1607
17 1602
17 1603
1386 333
1126 1127
672 425
383 1691
373 829
1094 1631
53 1589
53 1588
392 1542
1331 1203
53 1580
650 723
1211 1491
1211 1493
1704 926
790 1720
1559 1563
837 1521
1652 1245
576 481
1065 601
645 1712
175 1200
319 533
1650 1067
482 639
156 790
57 592
592 190
930 1439
1453 1611
1423 1703
588 1446
1007 6
1439 1511
1040 1383
156 424
312 1247
1535 715
235 236
235 237
1021 1504
231 1383
1491 1034
1298 219
237 747
981 252
6 258
40 1580
1417 1704
218 294
1020 959
1651 1367
1653 1521
499 624
603 27
151 1638
1061 668
1197 716
151 1637
1168 1244
195 1275
182 1560
264 598
76 630
1444 1742
1589 1304
1204 390
1351 232
643 230
1351 394
1584 2
1021 1567
464 1580
378 1069
378 1067
1169 1541
242 1076
1544 481
1101 256
1612 981
985 1176
1259 256
1712 1035
1612 204
1373 31
381 863
506 1511
968 269
1285 1232
1529 984
1291 1515
1293 1602
1273 1311
619 460
645 1529
142 1069
1471 1102
869 925
845 1691
1368 940
707 1244
707 1539
469 1250
609 802
1373 490
1560 1567
833 1300
743 1704
1637 1618
1637 1619
156 304
368 1687
368 1684
395 831
1518 551
1673 165
1191 1061
1650 1271
1358 906
31 1617
1655 1588
659 859
1546 744
891 135
1585 746
1375 1376
415 643
1351 959
818 1509
818 1508
533 1554
1645 1158
666 333
1349 585
383 1318
649 754
1321 227
973 80
983 1727
1645 1653
1645 1652
1645 1650
1653 220
1361 609
1538 280
1352 983
1157 142
90 876
989 736
753 1703
333 1044
57 362
691 1639
535 1602
930 1605
614 546
490 1067
603 344
597 1186
1270 460
344 1319
1569 1046
243 281
825 793
741 1684
1490 1035
1749 1563
201 1697
118 1227
1594 1351
324 743
707 206
1588 201
324 295
248 256
872 1158
816 190
238 588
747 1202
699 430
206 1541
1655 313
1245 1749
360 867
560 1364
1104 543
206 279
970 1186
1512 674
935 524
941 288
1210 571
219 1618
1626 1618
1626 1619
560 1104
66 97
235 1685
66 99
1284 1612
560 1108
1570 1704
383 544
970 1451
1082 289
1512 415
715 897
1691 1065
119 1158
1512 418
105 176
377 936
1256 1045
686 274
1706 639
985 1540
674 1261
1712 1196
1237 398
1704 988
242 1244
1706 490
1096 1323
76 1508
1094 1617
151 273
1094 1615
673 563
189 343
1521 1661
1352 206
1430 1730
1266 1301
183 1313
1430 1042
1191 1490
203 579
769 935
506 1727
986 595
544 994
1012 1250
544 997
891 832
936 1553
936 1551
936 1550
333 1237
1652 1594
981 1684
11 747
483 481
1243 1250
812 563
1108 1460
118 829
806 1320
1244 1202
836 891
1605 1557
208 1580
1044 1584
321 1209
208 1588
208 1589
1015 1241
244 1486
423 1570
1040 1089
657 639
409 1346
747 994
491 1555
551 1313
1307 980
151 1266
151 1263
1602 1684
61 190
183 1516
1346 747
1132 460
535 1290
779 1035
1243 1622
669 1440
1474 408
225 959
9 713
1502 1622
1351 1602
1351 1603
321 639
825 1104
1180 1730
1284 811
1692 1581
9 438
151 1655
151 1654
151 1652
1431 122
822 1233
708 1551
163 643
11 1089
918 1334
834 1734
1569 571
466 1663
951 204
1357 1666
53 225
53 222
77 1493
1512 1705
583 956
1581 398
1021 1542
183 510
1640 136
1019 1239
1046 974
985 1158
333 895
333 896
1244 1656
1652 228
1559 136
754 1664
1645 1330
1625 848
1632 1637
917 1283
788 500
1136 1089
595 1569
1331 470
743 603
1315 490
38 409
302 1202
142 1591
26 1087
347 1485
409 153
191 451
2 1094
1654 890
1102 1707
1589 978
712 850
1650 1655
1467 477
968 243
791 1367
9 1730
77 1468
151 1013
834 444
1343 583
209 326
194 1571
663 1061
1445 1614
237 1309
99 1570
1692 1201
203 1313
986 1113
743 1580
203 588
1546 1459
1508 946
743 1589
303 1429
1430 1386
1478 746
151 891
1637 1638
791 238
156 324
1243 543
189 39
1671 1703
236 307
1244 1569
592 1708
242 639
1244 1563
666 313
977 1496
659 709
1263 1232
1352 1703
222 1602
805 269
1273 438
1268 855
862 1532
649 551
1626 909
989 1521
1640 639
985 446
1230 1035
1412 1408
103 1618
106 926
52 861
522 641
1637 427
1722 1724
1211 1175
489 715
1086 242
344 1660
1373 1203
1373 1201
151 936
1581 1603
383 981
443 502
855 1012
922 1588
238 563
206 1521
1183 1553
790 709
40 598
225 743
1559 303
358 735
936 977
745 922
378 1562
378 1563
378 1561
1095 353
1516 1015
368 888
238 306
1203 537
1046 446
266 909
788 994
1212 736
843 256
1673 771
414 256
443 1734
755 481
537 649
754 635
1256 1066
544 201
340 1684
1605 980
362 970
733 667
362 979
593 551
944 1348
1203 390
1351 706
855 639
1521 1645
1361 818
1211 1364
736 1521
1465 1045
45 485
1030 1650
481 1158
791 1426
791 1421
506 1703
258 45
426 1681
1334 927
943 1289
1157 938
1157 930
1157 936
1203 1144
478 344
1570 1589
707 1168
989 1067
1067 1551
1403 1089
409 747
1660 1602
313 319
11 721
650 981
397 1158
451 1646
837 1563
512 1607
512 1603
512 1602
791 551
1645 1594
1439 1551
1021 104
1652 1655
774 775
288 888
151 1202
995 1276
1244 1480
1233 1516
1551 1645
1102 444
981 1580
1347 773
1478 481
319 1331
163 1403
1645 1379
981 217
344 667
393 883
451 1254
1245 1563
659 1431
163 722
457 128
40 1354
1408 590
353 1580
1101 460
930 1030
713 227
1602 948
9 411
918 1313
1021 1708
1423 938
654 1061
1607 1259
936 1653
451 238
1664 630
149 1328
1541 1497
1664 634
1632 122
1500 927
1364 1622
1491 660
1560 547
978 1690
360 301
592 791
1559 119
1615 1485
909 1182
753 1727
1015 1695
1315 301
1632 1655
1632 1656
609 791
1632 1652
592 955
1284 1423
951 1104
1147 1580
364 1671
1261 306
1191 850
597 1441
277 978
242 1030
1412 363
872 324
1101 566
1041 1247
981 648
515 1383
1671 926
422 430
1671 922
1082 565
243 408
863 1456
1212 1379
1191 1243
344 897
1580 237
1631 1554
506 1550
780 341
1065 1607
1065 1602
378 930
1210 1612
508 591
378 936
1230 1113
1211 1460
314 289
968 593
1253 1256
1082 1730
1704 222
804 1313
53 859
53 857
53 850
1031 1498
818 1542
149 162
1239 1320
1637 1654
156 872
1244 1542
228 1656
977 1476
1352 1727
917 639
773 460
57 630
890 122
1108 1191
1609 1485
1168 1521
63 386
362 1651
593 1516
1523 1645
588 601
1581 1602
151 912
1652 980
243 242
1183 1610
1183 1611
1687 657
909 438
1412 1686
1412 1685
1063 1451
986 815
978 1570
825 571
238 542
686 682
686 685
686 684
686 687
1127 612
659 1603
319 1581
857 1691
1614 1203
314 1080
1386 1390
1386 1391
1386 1392
1386 1393
1386 1394
1386 1395
1386 1396
306 409
1386 1398
1386 1399
53 696
373 1620
875 256
560 1493
209 1042
1168 1727
1168 1726
1351 350
1626 1654
1626 1655
1626 1656
1626 1652
1661 1727
715 1551
672 192
214 464
423 746
423 743
362 956
1079 639
95 634
451 637
76 1542
203 1704
1585 1232
735 481
791 1446
506 810
62 1652
1509 612
124 122
805 1233
1171 1669
1481 1749
950 571
1127 1184
286 1015
154 551
1546 1283
1588 603
693 944
840 228
1655 1315
1495 1066
313 333
1243 1210
368 1704
1064 743
707 1726
750 639
1267 927
279 715
1645 1570
855 211
1040 1591
61 155
61 154
688 1638
669 977
166 1314
654 62
333 1275
1650 1550
1594 228
669 1480
1671 383
1653 1542
457 450
654 560
377 1511
477 1270
17 52
1540 1330
1273 8
77 974
1527 547
214 922
1408 312
1321 1611
1254 554
1652 1620
745 733
1351 295
1046 1035
862 1704
1046 1525
314 1430
453 563
766 1202
1362 1565
934 1141
1509 1021
1403 1293
1191 482
362 1045
825 1493
981 497
1334 715
891 1557
891 1556
1020 1646
440 252
821 816
1485 398
946 818
63 978
442 693
400 1468
1171 319
1171 313
344 1521
1584 1203
277 1704
1135 1247
396 221
597 1465
142 1003
872 52
1056 485
721 515
1024 593
1373 1158
1581 1555
1581 1554
985 1191
347 717
1671 948
1245 271
456 1101
707 1551
1373 1485
63 1570
151 10
1211 718
242 696
943 592
668 793
645 1491
1248 1089
1570 1158
1692 119
936 1439
378 481
319 342
1260 340
1612 1542
1612 1540
544 568
1368 1704
936 1650
1044 1203
61 1451
1625 1049
1352 1523
1351 1091
1352 1521
181 1158
981 861
1647 639
818 1567
1351 931
1609 1645
1021 370
650 532
1127 1530
736 1168
149 413
1244 1520
1244 1521
688 687
688 684
688 682
333 1640
110 1730
563 459
468 1554
510 1516
986 1158
310 1622
302 639
1171 1438
362 1678
791 1032
18 1232
1650 1612
1637 980
643 1039
1197 629
650 1570
1244 1030
595 1104
438 560
643 1037
1348 1314
362 1451
1594 1158
791 630
791 634
1439 1030
938 1069
409 1117
68 174
68 176
251 1013
1474 1300
1546 673
1386 330
597 1695
1293 459
1293 450
1254 766
981 532
42 1655
273 274
273 275
451 1049
209 1206
1605 1637
209 1202
227 1728
427 966
1404 1089
941 222
1516 1504
862 1290
347 1201
1482 971
1351 339
518 397
217 497
1106 1243
598 1591
707 736
818 203
235 45
189 636
308 1669
1288 756
598 1041
1386 1400
378 1521
506 707
313 1438
1351 746
1351 741
1351 740
460 747
1200 670
1315 537
1632 1333
385 635
743 40
385 630
1607 568
943 1241
151 266
506 1030
1615 1171
1183 438
811 612
223 495
1654 930
1602 1542
236 1588
409 256
1243 243
544 603
464 497
1609 1580
510 630
1211 1490
659 1065
1512 1247
257 1610
257 1611
451 1608
649 1496
621 816
621 818
873 308
791 1465
809 1244
939 1344
1655 614
1653 639
750 537
427 1432
9 1092
547 1313
319 1373
208 988
1159 626
110 1386
482 1485
1650 1571
901 1386
981 850
1588 1715
228 1301
1749 1562
1485 1584
1485 1581
1651 1451
510 592
510 597
649 698
547 1032
1159 563
598 1603
40 1319
1351 1660
1191 242
157 164
151 275
57 269
1645 1550
257 289
693 1314
666 657
1351 106
592 1465
522 850
708 1539
1135 450
1717 1614
489 158
1541 1653
214 948
985 815
1346 272
1254 1408
510 1652
792 1240
1561 669
610 625
862 1720
286 592
142 491
362 1024
362 1025
362 1026
522 1483
362 1021
362 1022
151 890
1094 313
548 588
344 1727
747 866
1408 1247
788 258
1626 1201
1602 1056
209 1430
91 1386
597 943
52 499
451 859
164 1380
551 758
85 468
234 52
324 517
1512 306
1631 397
950 1104
347 731
918 801
1268 1123
1268 1125
1268 1127
736 715
154 1451
1212 1330
1489 1730
1212 1333
1617 1202
1191 1202
1692 1616
313 981
1500 219
393 1070
378 977
306 1202
1584 1614
840 1250
872 497
319 1584
872 493
872 490
1159 1570
181 816
1386 892
1254 1247
1211 1061
1157 1284
1521 1212
862 796
1560 243
715 1076
512 1580
234 493
1724 1430
242 1439
908 1417
609 992
542 634
408 308
592 588
356 269
1546 1123
1546 1125
1546 1127
1546 1126
1157 696
1538 1680
1266 1608
464 1690
1660 861
1343 1021
1079 242
1540 62
52 1181
333 5
666 1554
1035 1178
45 164
986 1176
1067 1598
214 1467
1453 1080
1386 30
63 344
1079 1352
95 190
386 1089
372 684
1015 802
208 1351
1491 1112
1244 1504
1102 1325
927 936
333 772
435 733
1095 1304
741 1602
1653 1661
788 45
109 176
1546 657
1271 639
621 243
621 244
1168 1103
151 1717
1243 1490
940 988
151 1719
362 286
378 363
747 476
816 1508
1256 239
1197 164
1094 1201
1094 1203
209 1084
980 122
209 1080
1245 1030
163 415
163 416
163 417
1327 1232
708 1703
1605 122
1021 1465
1247 1304
1081 389
715 811
818 269
11 80
1412 790
1334 1423
1614 877
155 190
757 1246
1497 1550
1602 997
203 649
363 811
385 1508
156 429
26 1495
364 1202
364 1203
385 1504
791 519
1614 1605
1147 1607
1602 996
1147 1603
258 498
1692 347
1632 1315
1212 938
1481 1250
649 639
1685 1720
1540 984
1259 1580
341 536
61 95
1704 903
142 1212
1626 1250
242 715
208 344
156 739
544 624
1521 1553
1521 1551
151 1245
1346 1628
1065 1588
451 1627
1261 430
1512 238
1570 1690
1719 122
439 981
1570 1699
1692 1169
634 960
621 1313
1021 617
1485 1614
1485 1617
1485 1616
515 747
1546 1357
816 1343
1331 1618
996 1247
1602 1603
1212 1622
1134 996
1102 935
959 706
53 1652
669 936
344 353
9 792
866 639
1354 1602
1605 1337
1605 1626
1319 931
1348 673
1622 571
1645 743
1351 1687
460 1685
537 816
1301 1170
533 1275
676 1417
57 791
792 1080
1632 980
977 1244
666 896
228 1316
1712 641
1538 413
1616 2
103 988
1095 52
333 347
989 1157
333 342
333 349
981 1715
57 1560
981 1713
779 1525
1055 1494
791 1542
1655 490
1491 1493
535 948
1474 1448
350 344
603 201
1080 1092
344 1704
1334 206
663 974
597 969
1559 1626
1286 1594
446 895
698 1563
698 1560
512 464
1414 1570
1178 1158
1403 459
1403 456
1432 829
1749 490
872 17
1482 1563
1095 214
826 798
906 74
368 52
714 859
1485 935
666 1461
1606 980
1714 1687
1460 1035
968 57
888 1260
966 1620
1035 1061
672 744
1212 219
378 995
697 757
1581 1169
739 740
1351 464
1271 537
1240 1730
985 1113
673 256
314 221
1211 1046
269 1560
1024 1367
845 1671
1352 639
836 228
180 1328
1352 1563
872 743
872 741
874 1542
872 747
1065 764
1147 1602
1211 1622
1108 1243
1588 1699
1588 1690
989 1703
548 634
310 682
1626 1620
1171 1169
812 460
175 1094
790 1602
806 1731
1368 838
1626 980
1021 14
1191 639
1191 632
347 1631
1653 1703
1298 310
1020 859
248 413
1065 947
1652 691
248 415
749 1579
109 626
372 373
303 1203
940 1570
40 1292
1502 1569
249 1261
804 1486
1351 1147
741 746
836 1271
741 743
621 269
235 997
1346 1089
1748 1602
1748 1603
687 1619
79 877
485 1720
362 269
1408 272
63 1704
53 639
816 1567
857 1181
1482 930
324 232
378 1650
466 1034
1056 1358
818 243
1036 1104
1663 543
162 1685
758 946
1245 936
46 733
1509 1214
1632 1158
1523 1244
1086 977
235 1089
869 1191
491 1276
324 497
324 948
324 947
720 1118
743 746
743 740
99 981
79 1442
1106 639
386 1602
377 378
506 1076
113 1203
1481 891
490 641
151 829
1183 1158
672 354
1212 1271
1704 964
1095 535
811 1551
657 1166
1617 1692
313 1169
1412 843
1374 850
242 736
79 1640
313 398
76 577
9 1321
743 1621
1261 415
1045 1441
1261 419
1261 418
1186 802
1275 1169
1004 583
747 1720
1237 1203
1626 373
1465 601
401 709
156 733
1485 1631
650 639
151 1285
151 1286
1570 1417
1718 481
1415 460
216 1180
1351 1338
16 79
1588 1202
758 1664
391 390
1605 1606
510 551
228 1556
1330 1104
1266 1271
753 1521
658 1293
872 733
1655 925
1108 1055
745 288
1638 1619
1638 1618
592 1426
237 693
228 1333
333 1169
1652 1649
214 981
544 1602
1749 1030
1171 1201
693 643
310 1030
1585 1250
1640 482
400 1113
672 911
1584 219
1553 1650
672 917
1105 1108
1588 328
930 977
269 551
451 811
1254 460
1652 481
104 970
344 1580
368 344
533 657
344 1588
347 1373
209 1386
226 493
1261 387
978 1704
1183 1321
238 243
1271 1704
373 1250
872 903
872 904
736 977
970 1313
954 1704
560 1113
1660 386
479 460
1094 1438
189 793
1208 757
1327 1557
141 925
362 816
1095 499
1095 948
362 818
672 725
1094 1559
508 842
1061 925
1094 1554
1602 1607
944 1403
1386 580
1472 1102
1752 209
634 1027
862 201
506 1439
87 333
653 1518
1589 488
224 1293
1020 1202
242 506
657 1202
242 1476
544 897
333 1202
460 996
1065 706
279 1645
491 1333
1561 1535
1685 1686
1264 909
1609 1158
1415 1127
1065 1684
595 1490
1044 1158
1168 481
333 1373
943 1015
481 909
1615 670
1612 1653
1609 122
1636 1554
581 1301
806 1242
243 596
707 1645
806 1246
449 1312
537 1243
588 1233
95 154
95 155
347 1616
347 1617
347 1614
1021 247
1021 243
1243 438
1036 1569
235 428
840 715
666 446
109 68
1102 589
1645 1703
1715 978
451 1571
986 1061
1208 1705
1431 709
1722 1430
686 1605
61 635
1605 1333
226 1260
1516 1708
621 281
164 716
1413 1589
353 857
365 1567
1408 1127
53 344
816 1542
163 459
1134 164
147 1650
624 1095
1021 1426
1104 1274
831 861
1332 877
831 862
1612 1529
522 1505
1523 1482
6 485
266 1594
1541 1352
1259 460
1352 696
1046 1352
1351 1684
52 733
362 1214
551 630
1511 1497
1609 909
1238 438
491 1212
385 1542
1332 303
930 1067
478 459
1191 974
1191 978
478 450
217 252
872 222
741 1202
791 992
598 344
964 947
964 948
1589 344
301 909
11 996
242 753
619 1089
1704 941
1478 1095
1704 948
203 601
743 1607
650 439
743 1602
1523 646
650 922
151 743
1559 1581
1559 1584
415 409
812 1247
1626 352
162 996
1256 1199
203 1451
1509 698
650 651
312 673
1482 242
635 1313
319 119
663 1239
804 1231
804 1233
686 980
1538 415
181 649
758 1313
1256 1441
53 1691
862 568
643 1135
11 693
1352 1067
983 1661
792 1048
57 754
214 488
57 203
1637 1594
1637 1597
1615 1044
1244 1352
643 747
862 1478
668 1104
733 304
947 948
376 1671
1685 1328
646 1352
1585 1271
217 739
1191 400
362 1516
386 1671
1546 639
593 1367
593 1361
666 639
816 579
1588 302
1730 1588
321 1483
1561 753
836 1333
1095 1487
451 79
1171 398
1655 274
1655 275
1546 409
1066 1199
1082 920
1212 1069
183 592
279 1069
981 328
941 386
373 1232
693 1089
1088 490
209 1104
722 256
217 324
1603 1305
1169 1614
1169 1615
1169 1617
53 156
936 1541
668 1491
344 831
183 365
225 1570
1713 648
1021 1361
1021 1367
1351 429
1197 258
1351 424
1596 1232
63 1691
181 874
412 481
1521 1727
918 1451
235 1328
1315 1232
358 1483
1082 580
713 1386
1589 328
791 1504
491 995
242 1497
791 1509
791 1508
279 1661
506 1423
485 69
142 951
672 709
222 897
53 1570
314 481
481 294
79 364
347 1559
218 920
347 1554
303 1075
1570 583
1579 594
1351 54
1351 52
1351 53
668 481
1186 1678
755 1704
353 52
9 1158
151 1327
995 1330
651 439
235 404
1347 639
1650 1476
333 1311
1631 1158
52 344
1055 1061
985 951
242 983
242 987
669 1067
1651 1516
95 1667
986 1046
381 1323
522 357
40 1259
570 672
273 1588
1692 1485
40 222
228 1271
980 989
1645 595
76 243
164 730
104 957
1321 1730
981 1671
1178 645
985 1210
1490 1104
163 478
862 1318
868 816
362 592
362 593
1685 415
362 596
362 1186
435 1607
312 1293
435 1602
63 857
147 1588
588 1451
978 743
978 746
347 1238
1284 1500
936 1727
1430 215
1749 733
217 277
1351 888
370 1567
739 1687
743 706
1332 1044
696 1521
370 1560
1159 12
201 225
242 669
707 1439
142 1276
164 1685
164 1686
1617 1637
634 630
811 563
493 25
1334 1301
506 1212
560 1034
645 1061
258 566
1570 1671
451 1681
676 888
1717 122
1512 251
415 460
1626 333
1581 1669
1481 1232
891 639
1044 1617
1044 1614
1352 1661
1307 1639
1169 119
1157 1521
902 1158
1718 1652
156 931
1004 639
1423 1476
61 1313
649 960
4 164
1180 223
1546 1043
446 333
584 982
333 1438
984 466
497 1607
497 1603
497 1602
520 521
985 543
1059 1676
368 1671
1445 333
1105 1491
387 1049
641 639
1247 442
1270 1602
1261 811
225 423
977 1645
1640 5
1546 795
1638 1655
1638 1654
743 959
1588 988
1567 754
992 630
1562 1727
1320 1731
1656 1250
1203 490
1212 1003
825 1035
825 1034
288 746
373 1748
288 743
288 741
872 947
609 1045
356 547
712 1570
845 226
951 930
1041 996
1588 1570
17 386
736 930
736 936
344 857
1086 1551
1340 1379
141 1191
598 1305
1609 930
242 1653
242 1650
1351 403
1596 1250
258 716
672 1256
755 838
1509 551
1509 550
387 426
506 1157
1273 1201
1615 1617
1273 1203
561 1666
1588 723
349 1554
1540 1364
657 490
668 718
1660 1704
85 912
313 274
1426 652
313 1669
537 1202
1021 758
356 1367
551 1542
97 1065
156 213
235 460
535 353
151 1307
168 839
1546 165
1654 1646
1244 1588
333 1331
460 1293
1260 497
308 1169
383 353
891 1271
87 1203
423 1368
521 299
795 1357
659 490
377 1650
377 1653
344 214
321 735
50 936
1352 1497
1159 831
986 543
201 1698
1588 1589
428 1408
1685 1380
1498 1516
11 1293
228 1250
530 1608
653 1313
1408 747
1321 1240
1623 889
1346 428
451 426
405 691
225 981
1351 395
1046 1176
225 988
48 242
542 821
653 1032
672 876
1237 1438
1670 292
609 1678
609 1675
593 955
1329 1652
1127 744
1368 217
1594 1605
510 816
971 1244
344 1202
1408 1166
1518 1233
266 1626
1284 1563
324 435
1284 1569
1632 1286
6 730
478 415
1482 1645
457 1101
243 649
1086 669
535 997
791 956
237 1653
741 1247
1541 1645
1056 1665
515 1089
811 1535
77 1460
1714 845
1244 1703
386 936
258 1089
1546 34
1496 639
869 1178
1040 598
659 1089
381 1495
258 500
1364 930
1230 1034
715 1480
1581 1608
428 128
1024 820
149 1621
1208 589
238 1560
659 649
1482 206
163 256
1030 1157
1351 1354
1352 1645
1351 1352
242 1352
180 166
478 1008
222 1292
1183 503
1546 1530
225 1603
790 1304
1559 1631
61 1664
1466 838
649 946
190 635
1273 333
1315 1158
53 831
981 1466
982 956
1021 698
857 52
1582 1622
154 155
1596 511
333 1104
1650 1157
930 1542
890 1556
968 1289
806 1019
1079 1521
95 635
1461 1485
1321 1386
1417 1588
221 481
755 1570
1598 1650
581 1619
104 1504
981 12
189 825
183 1224
269 547
423 1602
151 1470
308 1331
1082 1453
76 160
971 1650
971 1653
941 344
1013 1020
344 1691
1567 551
609 1025
1374 177
1256 609
609 1021
1485 1331
547 1451
1653 48
9 565
1021 1015
1605 267
1135 256
1640 390
286 791
218 1611
668 1712
906 258
653 816
460 563
1334 1521
1351 568
460 568
1284 1617
162 618
816 960
816 965
1169 1470
40 52
1546 460
242 1103
506 995
1094 319
347 175
1563 1645
1614 1144
1212 715
918 1496
258 773
1361 1145
544 52
1500 1571
381 628
1632 1271
544 831
1203 896
1615 347
954 344
506 1170
805 1313
544 1697
142 995
1615 1631
1331 303
149 180
1625 481
208 1704
142 1330
1007 1532
164 1720
1021 592
1021 593
483 344
1226 201
535 258
1186 969
621 1233
1373 1554
1351 12
758 644
1351 17
1594 490
1373 1559
551 1560
1003 1703
667 747
1003 811
862 994
862 997
258 994
395 903
1212 1562
319 1438
1212 1569
460 1720
1088 1102
234 745
234 743
1570 639
11 1720
1367 269
63 639
1606 686
1260 745
1260 743
1007 747
1727 1598
1480 1563
592 1032
228 1232
122 1271
1321 314
1408 766
917 709
1472 508
1500 1379
456 457
981 1630
456 450
214 862
237 460
746 1580
862 1354
862 1602
147 1637
672 855
954 1684
791 588
1696 1720
1663 1061
217 1197
1328 1570
1553 1480
337 333
365 1560
154 190
603 897
1423 491
1212 995
825 1460
533 333
347 342
1032 1451
478 38
404 773
226 888
226 669
1243 1525
1351 723
99 109
1094 1616
277 1466
1562 1482
1094 1614
363 563
63 1699
1529 668
1021 203
63 1690
308 1485
1368 1466
1127 811
1186 1675
840 1620
672 681
1214 601
946 621
404 1720
242 1598
1512 563
1704 850
697 438
972 1663
1212 989
1386 227
79 1312
1660 1570
1368 1602
243 988
542 203
208 947
1030 1077
666 1640
1381 632
872 603
1157 1563
372 375
1331 1609
53 1181
634 1233
1108 1502
1352 377
1546 1515
1191 1569
1559 1617
1559 1616
1559 1615
1559 1614
1559 1612
1497 936
310 1250
736 1476
31 1559
1006 903
1640 1203
333 1470
482 988
1637 333
812 238
11 673
258 831
986 1493
415 1704
1244 1622
395 1580
891 980
1509 61
672 991
183 1021
183 1026
183 1025
183 1024
1304 570
1650 981
1243 649
164 1089
1256 992
11 450
11 456
1138 681
303 1144
457 695
499 1354
435 1588
237 1408
1271 1566
451 674
1271 1563
435 1580
279 1422
744 747
1040 1136
1040 1135
1040 1132
1040 1131
1040 1130
485 1354
1546 463
203 76
651 1713
1502 1243
686 1337
697 1320
1105 1364
217 1698
403 1671
1622 1564
180 747
1698 252
1474 678
9 503
1329 445
862 383
639 1243
1352 971
643 450
142 275
1482 811
1352 977
643 459
1408 409
1588 947
1021 1031
1476 490
1589 1704
182 652
1137 548
964 208
1288 1071
1386 1250
1685 716
203 816
936 344
88 874
1605 1158
1692 1669
308 764
82 904
947 1704
506 971
1749 1276
668 1622
1102 1448
1186 1441
754 758
1511 1645
412 642
1225 1491
365 758
365 754
995 977
302 344
672 239
321 1659
1546 771
242 1168
1247 306
564 1611
1021 577
1476 1480
1082 218
1653 1236
1186 943
1082 215
154 1508
736 646
870 925
791 1214
609 956
611 1033
1546 1256
209 294
840 1618
547 1233
1570 1572
941 959
1212 1545
1212 1542
1351 1704
1191 1684
821 791
1692 1331
668 975
802 510
1626 122
385 1214
891 537
1226 488
1605 1271
1432 1141
370 754
370 758
745 52
1605 1556
257 389
151 448
1183 314
228 1749
1491 1046
806 1602
1102 1158
1386 1397
654 1657
451 460
1496 1202
595 438
1346 460
497 1580
643 590
1082 1080
535 862
1082 1085
1082 1084
610 926
1206 326
777 377
1423 1500
228 310
1244 1573
666 1158
1518 816
1368 252
1482 936
1239 481
368 204
1444 1445
741 1065
156 1259
1540 1493
1540 1491
1540 1490
872 1259
1653 1598
497 746
497 741
497 743
362 601
855 1127
6 773
603 52
238 630
1569 55
1329 1618
1329 1619
1546 904
745 850
946 816
1580 1158
1211 654
941 423
1024 630
464 1602
1105 481
162 1089
1553 639
1362 939
712 1671
235 258
1609 981
1204 490
708 1650
1373 398
954 1570
1512 811
1512 812
489 1470
242 1571
1368 1629
603 948
228 1286
201 534
1266 1563
180 1406
242 646
758 238
208 743
1351 639
593 203
1351 632
1094 1742
1417 344
66 109
1609 1030
79 1193
1021 969
235 1136
1108 1529
1521 1598
840 1609
306 1304
840 1605
209 289
1266 1704
482 438
989 1626
1699 1690
1191 1540
85 877
657 537
1652 1333
203 242
1127 1093
1191 1352
646 1539
453 948
1408 415
512 1159
595 1602
1285 891
53 1704
1497 1645
1159 1413
1021 385
312 554
1653 1067
890 684
890 685
273 1649
1244 1605
643 1602
1244 1601
1489 291
1244 1608
831 1354
773 498
151 877
1055 1104
163 1280
568 1411
833 1579
1243 1046
659 1271
151 1556
151 1557
1704 1079
1581 1201
580 292
1351 1065
1271 1232
1408 1089
981 639
902 948
510 1015
213 424
986 1210
1178 1191
570 481
1478 535
1553 1727
1632 275
1632 274
232 1684
1546 555
209 1180
1605 228
1589 1276
968 96
232 1065
693 1262
1313 1451
583 804
141 984
141 985
1157 206
1585 1589
1509 1313
1351 1607
479 1247
1541 1521
209 1728
506 1352
1496 758
209 1724
1104 1108
1104 1105
668 1602
1104 1622
1186 1465
1632 1232
1186 592
1386 1180
1500 506
1331 347
478 224
1261 238
1346 1408
142 1379
672 787
1095 477
1692 1584
347 608
1509 281
386 857
1637 1182
1024 1508
201 981
1516 802
151 1656
364 657
1212 1423
237 1166
17 232
1691 1704
344 964
1203 639
344 27
380 903
154 588
1602 1704
383 201
1692 1171
1159 706
975 400
1191 1158
53 1065
852 1557
1351 790
1605 1250
1474 585
154 635
643 1293
1245 1481
1352 1168
1502 1034
1351 1181
222 1065
739 344
515 643
110 289
1304 948
551 1521
1637 1232
1468 1569
1348 460
699 1062
122 1232
950 654
1159 1089
251 811
981 1368
1671 1699
977 1541
1640 1018
938 1645
435 1684
545 303
206 1244
344 1158
344 1159
588 269
698 76
1334 1653
77 1491
77 438
1423 989
1439 1653
1439 1650
405 1652
242 811
1059 502
368 226
522 537
1474 1070
837 1650
603 857
206 1650
428 236
872 862
238 612
791 937
1243 1569
162 1314
788 1270
1147 156
679 1104
875 1089
65 492
950 869
1692 1631
203 1214
1094 1373
291 1611
1176 1035
242 1551
242 1550
242 1553
918 250
818 649
1569 560
1615 1438
510 930
1614 1591
758 816
1319 1580
1612 275
1466 438
1030 1521
1617 1588
313 1617
1373 119
1724 1730
1685 629
468 1169
743 353
736 1650
561 799
1021 943
1712 1243
595 1046
936 1244
424 1602
1197 994
347 1438
506 1653
506 1650
1612 1598
310 1562
310 1563
595 1622
659 1020
1373 1438
1691 888
383 1704
45 773
1183 298
464 947
1183 291
409 478
1687 926
1270 1358
1579 1070
1134 1328
1108 1274
407 1730
319 1559
403 981
319 1554
1018 1138
163 1262
533 1615
533 1614
512 733
1685 1696
11 497
1059 1096
669 1603
151 1571
163 148
378 777
378 776
659 884
1478 730
321 300
1244 595
157 1381
1180 1202
1013 1261
930 1653
930 1650
643 1089
288 959
1596 1556
646 481
818 57
1082 1430
980 595
448 1594
680 256
1542 936
52 1159
232 1660
693 248
1490 1046
1632 219
1540 1061
643 414
643 417
1046 1274
746 1602
1352 930
443 481
1562 707
1408 442
691 682
691 687
691 686
1414 857
693 1280
1334 1541
1485 119
985 1468
862 1056
183 937
478 673
238 1214
1044 308
1015 1045
362 1313
917 211
1553 1703
950 380
821 960
136 1203
478 1293
1284 1645
385 1465
277 1589
755 252
1442 780
1094 113
1247 693
1094 119
17 1181
79 1275
788 164
302 657
277 1368
1186 715
1580 1588
142 1423
811 1439
1211 595
506 930
1041 1314
506 936
506 938
1509 269
1731 1242
1692 398
1245 122
1692 397
672 1127
1082 255
672 1125
863 1323
415 563
506 1480
344 947
344 948
1407 1202
163 312
151 1386
805 588
38 401
1212 1500
1518 269
1591 996
1588 1671
1691 1588
239 795
1692 1373
1157 1423
668 1035
1535 308
1244 1271
836 826
395 1602
1489 314
649 1421
533 1442
151 405
506 206
944 1089
1180 329
1157 1645
1021 286
944 478
862 353
736 1352
855 460
1468 1540
466 1540
228 1557
62 1158
85 333
890 1250
968 1367
1307 682
968 1361
1749 1158
422 1020
1478 948
257 255
1056 994
1056 996
347 1742
649 652
745 386
977 1703
815 1158
1461 1631
597 1015
1622 543
1086 377
1691 639
344 386
1485 1559
344 383
620 619
232 1276
633 314
1651 1313
1485 1554
1104 984
1474 1054
1546 526
978 1603
978 1602
950 1046
226 1660
470 536
1332 47
1408 1293
609 1186
151 1602
788 1290
151 1605
151 1607
1284 1076
264 235
597 802
217 1466
1562 1422
946 588
1362 979
1673 1283
1692 1614
1261 1247
947 746
603 831
1021 1244
1021 1241
1585 891
1332 1640
947 1351
985 1104
238 635
314 1730
1364 1569
1637 490
1330 984
32 1427
1318 977
1547 1182
1094 490
156 1065
222 1217
151 980
1351 676
478 1089
156 996
225 1602
1495 1349
1035 1491
656 522
1108 615
1559 1554
1589 922
1589 926
1020 1627
243 960
142 1650
1373 136
142 1655
333 35
1159 1181
409 450
464 746
464 745
409 459
464 743
791 243
235 566
1546 1681
105 1570
1319 790
1579 1054
1605 1286
1244 1645
62 1704
1191 1502
1430 1489
448 1605
944 280
1509 816
1509 811
386 225
1346 1412
1269 122
151 1594
743 1570
151 1598
741 1720
930 1521
378 753
264 1381
1581 1245
485 716
460 1158
1067 1244
587 806
659 1588
1500 1276
1519 182
183 1045
1246 697
944 414
618 235
1645 1602
1645 1603
1645 1605
163 1247
1403 673
1632 236
78 76
1094 1144
870 1191
944 413
97 105
592 1516
97 109
358 300
146 1207
1064 1588
408 1250
964 1065
1408 460
634 1528
1561 977
747 716
971 1168
510 1727
235 1412
1448 1265
231 412
1500 1645
931 1602
1368 481
162 450
612 551
1552 654
1408 1621
164 236
164 235
862 52
1284 1622
1102 1425
1007 1247
1041 931
1541 1703
363 460
610 1570
577 1033
855 1207
1211 571
313 1571
1094 398
721 442
791 1015
1094 390
9 294
9 291
576 1629
1541 1563
672 1459
805 612
954 1417
941 706
1546 282
1191 1330
868 551
544 258
344 926
1315 632
936 1030
936 1523
936 1521
1040 256
954 1671
407 1386
1191 1196
1415 563
1614 136
1211 1330
1021 510
806 481
1024 1542
1348 716
964 423
349 397
772 1554
279 1003
448 1271
1652 1250
237 1247
1298 1717
1267 1705
989 971
1351 978
156 632
668 660
669 983
666 1202
693 728
532 1671
393 585
986 1089
1585 1315
1067 1727
1497 1521
408 490
312 1254
1690 1704
1244 1439
18 122
235 730
1468 1034
1468 1035
189 925
75 818
1560 1032
1639 1638
104 1027
104 1025
721 323
741 1169
1652 701
825 1175
1317 594
1254 673
973 1089
1692 1559
40 156
1692 1554
267 1232
151 1626
163 693
151 1622
151 1621
1596 1749
208 746
76 649
1461 1617
46 1602
1461 1614
119 303
1444 1203
1237 1311
1414 1589
741 478
1540 1569
1351 222
101 1127
1094 1331
1351 225
718 825
722 460
1273 1584
1293 1280
1021 1516
818 601
242 1511
1516 630
1353 1589
533 912
1485 303
214 512
232 369
508 1707
968 1508
532 1687
811 306
560 1612
235 1197
324 589
235 1134
1157 715
805 937
619 456
936 1202
733 40
739 1570
1632 1594
1478 1259
1095 796
414 693
176 71
251 460
393 1579
1108 639
1521 1284
730 906
1367 1032
1113 1225
1065 897
1304 1411
1467 488
242 377
542 579
790 903
1637 1602
1609 1637
1609 1182
381 1522
79 1751
1101 1293
194 1542
378 412
104 592
104 593
1020 1586
1024 992
1559 1169
1584 1615
356 1426
816 1233
816 1231
518 481
344 481
1352 1598
946 269
162 24
791 269
869 571
249 451
1226 1697
344 736
1651 630
1412 1380
1605 1717
698 946
550 579
1364 595
1332 912
238 1664
333 639
386 1691
1294 1603
225 964
592 269
1645 1661
592 13
476 850
356 588
237 568
1361 617
584 707
1271 684
609 247
668 1210
668 1211
203 243
1632 1749
1542 1645
1645 1484
1553 1076
940 978
522 639
1474 1579
1569 483
1044 347
1685 790
362 1426
242 977
242 971
693 283
155 635
693 280
385 1313
831 897
6 477
920 314
699 422
1080 565
1463 1566
788 1318
214 746
214 741
456 1348
257 1240
1516 1025
1516 1027
791 1033
635 547
1541 1580
788 304
271 1182
518 303
1082 294
1570 1715
1210 1035
805 630
1701 1207
745 1351
1512 460
754 644
1230 543
941 723
567 239
875 460
693 1348
344 535
1589 733
160 1024
160 1027
383 1684
142 1284
242 1703
1351 733
225 1159
678 1102
224 1383
1430 1728
1687 1428
1313 816
448 1250
946 1560
456 128
862 395
1607 598
1021 791
1108 1622
1159 857
891 829
806 206
333 1555
1191 1712
189 1657
333 1559
981 1690
668 645
1212 279
981 1698
483 1158
1637 219
1067 1703
581 275
52 1580
257 218
676 1480
347 1704
156 435
745 344
235 716
151 1251
1671 481
439 1588
1699 926
183 1504
773 1101
1282 1089
906 1197
218 289
1647 1049
225 941
225 947
225 948
1546 563
1631 1201
777 669
825 1112
1521 1703
151 1649
151 1646
251 1261
1361 286
163 673
822 630
1273 639
1159 226
326 1195
362 356
654 1035
654 1034
63 1671
741 450
353 1602
1180 565
973 1602
816 1451
544 1304
1327 1638
1327 1639
1624 639
1722 1386
1625 936
378 1727
214 535
1541 1244
232 344
356 630
1612 743
63 922
1612 746
63 926
668 1569
481 427
190 1426
1169 1284
1632 1609
238 61
1285 1223
1602 773
1329 1250
396 255
585 1303
743 639
1095 773
383 948
242 1067
1612 1244
544 517
1241 1024
118 352
515 1408
1368 978
1518 1343
950 1191
535 517
481 1602
203 715
156 1684
791 1378
1214 1216
1637 1620
667 665
209 314
659 1159
333 884
672 1738
1467 201
1588 1158
812 1271
646 753
891 122
468 877
1241 970
213 429
11 1314
966 1308
258 1602
1446 816
265 680
321 369
1351 1570
1351 1572
1240 1430
215 396
105 981
1049 1261
1351 940
663 664
409 460
1244 1570
977 1480
164 906
1430 1554
464 1607
1321 1430
464 1603
451 563
1408 643
466 1112
1064 1607
818 816
1064 1603
1064 1602
1254 996
1584 1631
779 1612
1127 1673
649 816
1474 1370
1491 1364
11 256
1617 1594
989 1727
1178 1196
1650 595
1293 931
593 1015
996 904
1614 1273
1129 1073
1569 975
603 350
1541 981
1541 987
443 1303
206 1439
344 1304
151 921
68 105
1208 1267
324 288
362 542
217 440
1332 533
1021 1145
397 481
727 990
1328 413
206 1550
206 1553
601 715
1612 1652
451 1013
1556 1182
1245 490
378 1551
83 333
1281 773
1373 1669
1509 203
219 1609
1553 715
209 1012
377 1244
383 534
1581 1704
40 931
696 1067
1512 409
560 482
356 791
203 1067
308 1614
1632 639
1752 481
1208 481
206 242
1589 201
1704 464
946 1496
242 1727
1752 1158
659 236
1056 258
978 981
1351 712
1157 1334
736 1551
736 1553
862 624
460 716
466 825
918 1542
225 1607
845 1589
845 1588
1556 1232
1352 1476
1020 1625
1559 1555
917 875
1465 943
258 52
968 1651
1211 1196
944 415
951 1612
944 417
944 416
286 1045
936 1563
1570 361
630 269
1565 588
1067 1541
156 1191
989 1076
333 1203
1653 1168
650 1713
201 1532
791 542
533 1203
183 1343
1191 543
1439 1521
939 1313
533 1751
1704 1687
1540 589
1266 1245
1304 639
151 1271
9 1048
1704 1714
1704 1715
1551 1653
1551 1650
333 468
1004 954
985 595
409 1089
614 1357
981 755
630 1032
687 1301
423 1704
353 386
1749 122
439 648
1653 1727
745 497
1502 1612
1708 551
396 1453
396 1324
1351 156
1474 732
76 601
597 247
1136 693
353 926
423 947
1553 1551
225 344
427 691
1321 565
931 1259
378 1703
936 715
1485 438
308 319
1104 743
162 1281
766 1247
1269 1250
736 1523
668 1540
1632 1620
288 1660
63 940
63 941
872 1684
1505 926
1523 1539
1127 363
1329 1271
478 568
208 1603
208 1602
1203 589
1616 1584
1589 941
1589 947
730 948
24 1381
214 1580
745 1704
1546 306
307 1665
966 563
791 1313
506 1521
1183 1048
151 1065
1065 1614
1502 595
319 397
349 1581
377 1030
1024 956
1088 1579
1191 1035
1256 1241
251 426
968 588
1652 275
986 1104
1581 1614
936 1602
936 1601
1466 1602
1102 842
77 1108
1351 964
1157 1168
1637 1315
643 1007
790 1411
1712 555
356 816
1244 1551
408 1158
1581 1114
1381 460
773 477
1065 423
522 1158
666 1584
666 1581
1663 1104
743 1591
1169 5
1468 1330
812 811
333 1075
1622 1034
1622 1035
1104 1106
779 1491
162 164
544 535
363 1546
1465 1678
936 1570
988 288
1722 1730
362 1465
1496 1158
1171 119
1095 1354
248 460
344 1671
891 1286
242 930
242 936
788 1685
829 302
227 314
1186 579
1381 1685
791 818
1293 409
791 816
1412 415
156 1314
226 232
576 1466
209 1250
1178 1061
1243 1460
24 460
1243 1468
733 948
1386 1389
427 1182
1386 1387
257 1206
1512 643
825 1657
386 709
237 1089
1351 368
324 739
164 258
1260 1660
214 477
537 639
308 1631
74 1007
1615 1554
1298 1301
707 490
550 816
357 439
201 477
715 1703
362 943
203 698
1218 670
1094 1669
758 1567
758 1560
203 696
1169 701
666 1614
666 1617
1521 1650
544 1056
918 1562
862 603
1307 274
975 1191
1692 313
385 601
1692 319
1186 1045
238 1451
1509 621
1020 1608
303 333
544 948
222 344
950 543
1104 1569
1479 460
561 1737
490 639
733 1607
733 1602
1423 1069
1203 1158
1171 1584
1171 1581
1476 1553
1261 460
415 1602
1614 1580
302 321
1267 936
456 695
151 228
151 595
333 195
1040 1073
551 1360
755 1368
777 1598
1233 1509
151 1211
151 1210
977 1076
688 1609
439 1713
1653 1550
1423 1521
344 659
1346 1247
377 1521
1645 715
1245 1571
1364 1243
1364 1244
1708 203
1021 1421
1351 177
592 1451
862 1197
1322 1321
485 1696
1423 927
745 743
1135 460
333 1485
451 714
333 338
583 965
1351 288
940 639
1104 1364
816 805
981 481
1602 401
947 1603
947 1602
1061 1491
1563 1727
321 1185
597 992
597 993
232 386
1632 1649
288 1607
1632 1645
288 1603
288 1602
1523 1551
1580 1197
347 589
481 464
812 684
328 948
151 333
1482 1539
1749 1250
396 218
1024 588
743 676
1114 1203
533 1640
308 333
308 330
657 1671
1580 424
1616 1647
1169 936
1271 1614
1102 1734
672 1515
1617 1569
377 646
344 888
2 1203
477 862
383 897
1214 114
80 1089
918 583
1612 1579
1612 1570
314 291
659 537
624 716
1466 1629
1352 1539
918 630
733 424
1108 1210
1351 903
1157 1103
189 60
855 563
1351 908
1244 1535
228 1649
1217 1603
935 1676
1584 136
1245 1562
1020 490
968 1024
1171 1114
968 1023
1749 1232
362 1667
1626 938
1095 1197
1497 1244
891 1044
344 790
588 630
980 1542
1596 481
1640 1373
52 831
312 1089
1021 76
1328 1346
874 965
451 387
206 1476
409 1127
583 1542
1559 47
353 225
1602 1067
1186 551
1614 1640
825 543
238 551
743 862
640 639
741 1588
741 1589
1715 1368
741 1580
1412 164
273 267
273 266
1541 1079
1346 1056
1446 548
227 1730
857 1684
950 984
950 985
26 628
288 676
1580 1037
1351 340
9 215
1480 1645
164 500
347 397
1512 191
347 398
1589 1671
377 987
1095 1602
1421 956
985 1046
314 1611
840 890
385 596
1364 1460
99 626
435 743
1046 242
386 988
1093 490
598 156
279 1553
947 706
1157 1379
235 1720
1329 1333
235 1056
1465 1015
624 52
1186 1067
715 1541
1260 1607
1260 1603
1260 1602
954 922
1408 1686
791 1451
1612 1494
1171 1614
1171 1617
1171 1616
1108 739
535 477
1351 1319
1181 1602
707 1482
104 183
715 1727
1157 1598
53 1602
968 791
788 1532
201 1570
1259 1602
313 347
954 1588
1243 1202
415 1628
195 632
512 941
237 1293
356 1032
1439 1563
408 146
1244 1614
156 493
9 1084
151 469
9 1082
9 1080
151 1232
1602 1652
1304 1704
1351 1417
460 1412
1650 1569
1158 1419
1749 1571
930 1598
834 1579
1605 1301
344 328
344 639
451 1261
344 632
1605 1655
1605 1654
1605 1652
40 1304
215 1232
1415 306
1217 1292
663 909
1256 969
1361 592
325 1113
989 1168
1730 1605
668 1196
1652 1619
1652 1618
745 723
1426 972
1404 1406
404 485
362 190
1625 973
718 1663
238 1313
103 1588
593 1313
1423 279
845 857
959 964
845 850
1495 1676
1654 122
63 988
986 1191
1095 568
400 1490
564 294
1332 1554
1539 1551
1553 1598
1660 888
1346 442
1039 1591
162 747
1039 1040
1589 639
1523 753
855 1546
742 427
791 1137
1373 1169
790 568
610 888
966 691
1673 1089
1653 1330
225 1259
1351 988
1589 988
1579 883
1546 876
1191 1211
53 493
1386 1388
1511 1521
377 669
551 816
506 1563
506 1562
31 242
551 818
676 226
936 1422
715 657
1214 132
1512 387
1094 1581
1094 1584
920 1240
936 1646
936 1645
715 1067
1352 1511
1104 1034
460 1089
1722 91
592 593
1183 255
1351 926
1351 922
142 927
1361 1241
1614 8
1266 1637
625 1580
1496 1528
968 630
456 224
1151 1271
1638 980
310 1614
1749 1748
922 861
666 397
686 1307
1191 645
551 241
347 1669
1423 1563
1423 1562
333 764
183 1465
1553 1563
206 1497
1352 48
741 1612
721 1293
1546 641
351 368
855 1043
1330 571
1692 1438
151 1724
659 1655
857 1660
76 588
368 831
1368 1589
995 715
560 1191
816 1516
1351 324
163 409
592 1313
1351 328
378 1352
533 877
985 1061
344 988
105 109
344 981
1024 1032
587 1246
624 1354
16 1202
733 988
275 19
506 715
203 652
1331 1542
1521 279
673 248
957 601
1491 543
1632 1307
1502 77
715 1521
1464 314
916 917
181 490
506 1003
1171 1631
788 743
1358 1309
214 1602
1588 639
1373 1751
383 1602
208 423
672 494
1609 1598
1521 1563
1516 937
208 1570
1570 1684
1244 1727
715 977
290 221
1020 1647
174 176
621 804
242 490
758 592
1485 1669
1270 1580
834 508
1021 601
669 1703
58 1663
762 158
1239 1246
1570 1353
166 1328
1159 639
1233 1542
518 1614
1239 1242
1067 1521
944 1262
1495 524
972 543
378 142
370 644
1266 219
1605 1329
1351 1691
1351 1690
1044 670
22 164
257 294
1614 595
189 188
358 376
1256 943
510 634
1361 203
1712 654
228 1307
1244 736
1088 303
1742 608
981 1704
163 1477
510 1313
1474 1102
182 243
1570 857
1509 1542
206 983
1203 1751
151 885
362 1032
1080 1084
1266 1652
740 948
1609 438
609 1145
1626 1210
52 481
822 589
103 1704
344 1570
365 946
1653 1480
17 1089
1247 1477
918 816
950 1112
142 1563
142 1562
1072 925
721 568
373 1269
1594 639
85 1331
209 1158
560 1502
1487 831
209 1407
209 1157
1705 1239
715 490
1546 811
1020 1603
156 1603
156 1602
156 1607
482 1104
1580 288
985 1493
1284 1476
672 774
319 333
840 1244
1095 997
1024 937
1044 1485
818 1022
818 1023
1351 497
1351 496
930 537
1351 490
1351 493
1491 481
289 1611
522 344
395 1704
966 811
986 446
468 1640
1381 747
1183 276
1441 286
1298 1619
1521 1480
408 333
736 1236
1546 1138
29 639
1008 256
1266 1618
1266 1619
477 534
333 1631
222 845
468 1581
1191 55
981 1570
147 310
944 248
1264 481
645 1196
344 423
972 975
1640 1158
686 1639
1477 673
257 332
1653 1718
68 99
1202 1521
68 97
435 872
1147 743
40 568
654 1112
279 936
968 592
1264 228
667 222
1439 1069
994 1720
743 1351
608 333
1485 1438
1631 1614
984 595
510 1104
1535 1480
825 675
964 748
1021 1675
470 1044
1021 1678
372 1602
1445 608
460 306
209 1092
314 1386
1247 1314
1685 996
1237 1485
1101 450
1095 862
76 1027
1752 1407
76 1024
1516 577
964 706
1500 1327
1685 1281
226 831
1712 1104
52 743
52 746
1605 372
46 746
46 743
46 741
65 396
1130 1132
209 947
947 1181
1136 1159
506 1244
634 1446
1361 1015
821 1024
821 1025
1203 1204
931 667
258 485
1212 927
1569 1419
672 165
141 543
506 1067
1612 1104
303 397
506 1069
1749 271
1423 1003
840 275
811 1541
970 630
995 1645
1609 1570
1619 1375
1021 992
1021 993
650 978
1637 1656
512 1690
1373 1617
319 1169
1637 1652
603 1417
1727 696
544 353
62 1602
791 1498
1108 1061
1570 490
755 1698
669 1727
1602 1614
1212 1612
1364 1175
1605 1619
1605 1618
1712 1061
1570 723
624 568
592 1651
1021 1186
408 1012
1638 1620
1638 1626
1512 1268
1652 219
522 1706
1652 1656
174 845
1652 1654
944 722
1293 1247
490 1191
1479 973
362 1015
1367 592
1605 589
1403 1247
1007 1006
400 1104
688 1605
106 1671
707 936
24 514
707 930
693 415
693 413
506 1284
1383 1247
1105 1112
216 223
709 1089
1136 709
770 834
1171 347
872 1607
872 1602
872 1603
741 1158
1432 830
1432 832
1403 460
485 409
235 1381
535 603
816 243
1482 1551
1169 1485
237 1720
142 1500
966 306
1168 1650
1386 1158
1426 551
1580 1602
1580 1603
1617 1275
1580 1607
460 515
1180 495
1334 1598
1368 1570
1351 517
1245 1276
597 609
1626 1490
635 1664
362 865
1518 588
1056 236
672 752
547 588
1004 1570
1157 1703
592 630
478 1247
333 912
936 987
544 1197
1030 715
98 228
1024 1313
1352 1553
1352 1551
1352 1550
373 684
373 686
238 1516
1351 63
313 1616
313 1615
313 1614
659 1421
468 1614
468 47
1065 715
279 1653
547 630
1298 1637
1615 1640
351 888
592 551
149 460
595 1330
214 1270
1044 1438
333 1614
333 1617
189 1225
1540 55
1191 1529
1191 1612
409 693
481 974
805 1032
160 577
1226 726
469 1649
1040 461
707 1650
1640 1602
1386 1104
1242 697
1660 1671
657 709
393 732
1510 551
535 383
1615 1616
1468 1622
1348 256
545 1239
985 986
985 984
1055 1034
680 875
740 1580
1653 1650
1653 1652
788 1602
1704 1181
381 1370
1615 1614
1605 1285
551 1508
1602 1003
301 1704
301 1703
1351 1158
1351 1159
166 1621
163 1118
994 164
712 1209
1653 983
659 1691
698 639
1021 1651
818 960
654 1175
368 743
1157 1439
443 594
22 460
831 857
1104 1243
146 1512
324 226
1607 1748
1239 948
378 1645
992 588
1560 630
868 1313
618 460
592 821
861 184
248 1002
1685 642
203 946
1580 328
1638 122
1614 1652
324 481
1191 984
651 981
478 460
313 1373
533 342
872 234
1275 1485
1135 1089
456 1293
1731 757
1261 563
1559 1245
313 1114
966 460
791 1708
782 1090
209 212
319 1631
79 390
954 981
1256 1186
203 1446
580 1593
151 1298
995 1284
53 981
181 182
1113 1491
831 1704
156 741
156 743
156 745
156 747
1351 423
1157 1067
986 1468
352 372
1408 80
1020 1571
1020 1573
1242 757
333 119
863 1110
442 1591
1609 1330
182 953
430 451
1638 1605
1645 1620
430 1571
1622 1113
947 959
1652 273
1652 271
930 1244
1367 1516
106 850
619 843
1129 1130
1129 1133
1129 1132
362 1560
362 1565
1509 1508
1270 201
1553 1645
235 643
353 639
1512 1207
693 474
11 428
1525 1104
1523 481
1293 747
1374 1588
243 1104
1535 1727
745 741
745 746
1704 1374
404 460
659 1571
362 758
1685 258
1284 1703
1204 639
257 1092
1169 1605
1169 1602
1245 1250
319 1614
235 1247
225 1588
825 1663
313 1589
1095 485
242 1601
313 1581
313 1584
312 460
314 212
214 201
460 450
1094 639
460 459
426 1261
1261 1681
1211 1036
672 1268
542 1542
1608 1049
1500 1521
313 1631
203 132
758 639
791 1516
758 630
1351 46
75 1313
377 753
1615 1669
1104 1460
733 1748
840 1202
1497 1422
1609 113
669 1076
1346 1381
1064 1089
983 1521
743 481
537 1250
206 1168
676 1588
939 1451
347 1603
347 1602
650 1580
635 952
151 1330
151 1333
1630 651
1088 1158
981 926
981 922
1631 1169
1018 1268
1211 141
992 1015
1208 1731
669 1553
1241 601
378 646
225 845
101 165
1650 1661
1079 1650
625 1588
741 866
1602 831
568 1304
151 1749
360 890
1351 1366
373 490
490 1521
79 533
959 222
451 306
1079 811
1373 2
52 1065
279 977
609 1465
1518 1244
1233 183
693 1403
862 1304
163 460
362 588
668 1364
1346 162
1169 814
226 861
1169 810
708 242
1703 1076
375 21
1094 1169
438 1240
636 1612
203 960
378 1598
344 1259
1157 1511
975 1178
40 1602
1383 643
1048 294
396 332
1528 758
490 344
1203 1243
243 634
522 490
243 639
1102 1579
76 1063
1332 1075
533 364
347 319
872 217
1453 411
643 413
593 716
1212 1244
156 1580
1617 1622
1105 438
593 588
1722 314
203 630
1580 429
1516 957
1516 956
1546 1093
1024 1451
24 1118
672 1012
209 276
319 1617
812 1250
123 122
415 412
415 413
1615 470
544 477
203 1465
650 648
936 1168
258 1704
1212 1653
383 603
1579 287
758 281
1585 639
415 735
1373 470
1478 164
53 1684
1749 135
63 1276
867 891
818 1214
66 176
66 174
561 239
235 409
1319 743
699 1603
1352 1076
1273 303
1064 1704
451 639
448 1329
310 1591
1351 1589
1351 1588
1351 1580
668 1112
1640 1273
522 1748
333 1429
1171 47
947 978
930 1511
368 1660
518 1238
931 1292
1478 831
62 668
62 660
362 1508
1445 1742
561 1074
1361 510
707 971
930 936
743 964
1136 747
1637 639
1254 456
1417 1603
1417 1602
1691 709
1655 267
1485 1201
182 551
401 1665
1271 301
950 1178
950 1175
373 1202
1715 164
356 551
258 1281
1596 1655
1460 298
1430 565
1273 1631
1518 630
603 1687
603 1684
1414 1671
1468 817
1169 1669
1264 1594
1632 1030
301 1182
17 1065
1298 1266
1471 1448
1259 1304
1466 252
1727 790
1545 715
696 715
1453 332
1094 347
891 1652
242 1661
943 802
279 1476
1351 435
214 225
440 1466
634 1543
917 1093
1211 1540
1361 1426
1352 669
618 1346
225 1704
1104 1191
672 1248
1203 649
242 1480
872 790
228 826
544 862
1615 398
1044 1169
588 979
563 1127
1625 451
821 1214
381 452
970 791
383 831
381 458
1158 639
1230 1491
1614 470
1159 1704
1343 1509
1612 1620
845 1570
1638 909
595 1191
1354 1487
535 201
1186 992
1478 1697
469 1609
862 948
1108 1364
235 413
595 1243
151 1316
109 981
1244 1599
1244 1598
1181 344
1347 996
992 1032
676 1703
1653 490
57 1451
301 1749
659 1309
1653 1618
378 669
377 1645
1511 1422
1352 1480
357 1704
349 614
137 141
1460 1502
1168 1423
228 1263
1632 438
228 1266
1082 1386
52 897
324 52
691 829
451 363
548 579
1046 1108
1113 668
535 831
1046 1104
1046 1105
258 1067
1364 1113
1588 857
1247 1621
344 460
822 190
933 934
535 1056
1660 926
1660 922
162 1381
231 747
1368 201
147 1594
979 1313
950 925
405 1620
757 1320
344 1276
609 1441
242 1521
1332 333
1017 1018
743 733
1332 338
743 739
1041 1602
1041 1603
166 747
533 308
593 617
943 630
651 648
1412 728
872 897
1589 1690
964 931
19 20
206 481
745 1603
745 1602
745 1607
971 936
568 570
1617 1602
308 814
1617 1607
1617 1605
313 1485
1617 1608
1516 1313
446 1432
303 666
1203 342
1203 349
1466 755
966 1247
634 992
1489 1554
313 1559
333 877
1256 1678
1256 1675
1453 294
972 1657
1191 1468
313 1554
744 1653
314 396
1466 1704
1044 1331
258 1720
654 660
920 1386
654 668
758 269
668 825
412 460
53 1158
279 1284
1307 1605
1521 1076
156 922
156 926
383 1532
649 601
236 237
510 1426
182 918
214 1570
149 747
104 1516
668 1178
668 537
1617 470
950 141
931 344
340 366
11 643
101 460
1067 1168
1640 1438
826 839
344 1065
164 1056
151 698
581 1620
50 1645
1598 1645
11 460
977 1650
451 641
743 941
743 947
1293 256
1653 927
104 1367
646 412
981 377
968 1022
1541 971
971 1645
344 1684
344 1687
1284 977
9 556
1197 1696
1106 1191
1368 697
63 850
164 460
76 1451
1137 579
214 796
1334 1286
1313 269
603 386
603 926
362 791
1383 1089
242 1645
506 987
506 989
1211 1569
947 1064
1104 639
235 1314
1495 1522
1367 1313
1500 1563
1245 733
16 364
1169 1640
393 1624
82 1621
1331 310
142 989
655 1108
312 456
180 1621
383 857
469 1599
1612 1608
85 921
1535 378
1171 1485
347 1584
347 1581
1064 386
806 1239
649 1567
649 1560
609 969
715 1598
1183 326
1239 1208
833 1066
936 1598
9 1611
1518 634
377 1727
941 988
1664 1496
930 1497
456 460
920 1593
669 1598
151 122
151 1417
211 1012
585 914
1348 415
333 1581
333 1584
1301 1423
307 485
989 983
1254 224
1652 1557
1065 333
1351 386
1655 1232
1021 1498
147 1608
1543 584
1596 266
1640 717
142 1645
1013 1571
1271 1182
930 1727
791 601
134 1647
478 747
745 17
95 816
344 1217
347 1203
1541 1650
788 1197
362 634
324 429
362 630
324 424
206 715
894 201
1704 626
950 1034
950 1035
1214 1359
1569 1491
533 896
791 960
721 620
310 995
560 1243
985 1089
593 630
1136 1403
1208 1330
1671 850
1082 411
712 981
63 1684
63 1687
1611 1610
203 1244
1284 1553
822 1542
393 1102
1652 1271
672 692
840 1637
1210 1104
946 630
489 1442
1581 1616
1581 1617
946 639
1581 1615
1256 1123
1240 1042
376 339
1168 1563
63 1353
544 304
722 1089
1352 1650
1352 1653
370 551
1266 1594
53 922
53 926
758 791
1373 438
862 517
1351 603
235 1101
1157 1551
1157 1212
1712 1540
1361 1367
225 1064
225 1065
1381 1328
1360 816
1020 1049
1352 1030
1626 1182
1233 583
52 1259
634 1137
1652 1301
279 1157
491 1609
544 1478
1627 1049
80 855
456 673
206 1511
1044 1640
656 1505
152 1596
333 1461
1463 963
1640 1238
1328 162
668 1158
1686 657
693 639
930 1550
1247 639
1226 534
1012 988
1466 1589
1748 741
1748 746
1095 1720
386 1603
386 1607
588 1032
1531 925
512 746
512 741
512 743
11 442
1214 1508
1293 80
26 585
333 537
930 971
1271 1571
1271 1570
1271 1573
40 667
920 292
57 1313
1178 1491
891 228
1404 1197
27 1588
1546 459
1581 1584
95 1543
1540 1035
693 1037
639 1250
97 176
97 174
547 1446
1605 273
1605 275
1605 274
1237 1094
1343 965
1343 960
74 730
1476 481
537 242
353 1159
1589 1715
237 866
855 973
1094 1485
344 862
344 563
1106 1468
1446 1543
1631 342
141 1531
1631 349
1307 687
1541 1511
1254 1293
1614 1158
1212 1170
968 1451
618 1383
225 1292
1612 639
488 477
38 693
1562 1550
80 460
1649 1158
544 796
506 1168
968 362
1511 1653
1563 1476
1273 1238
587 1731
427 1158
936 1352
535 796
1030 1703
872 424
142 1327
872 429
1479 1089
650 850
663 1521
512 1570
758 657
609 943
1559 1438
1546 1268
1270 1467
1609 1232
1546 1261
348 489
1065 1704
1718 1626
1261 673
235 456
683 1654
941 964
981 948
1614 438
1686 460
340 790
154 601
1605 1202
986 1540
669 1244
1546 681
925 1191
235 906
592 1025
592 1024
730 1602
643 673
451 418
1266 18
1704 1276
1244 589
1491 195
147 1620
238 1032
791 596
400 1046
872 1408
791 593
717 1203
1697 534
867 1150
52 947
1606 1307
76 816
52 948
597 1045
1136 643
526 725
777 500
533 520
986 951
1528 865
362 612
707 634
1021 1214
48 1727
206 736
1328 747
243 698
1560 588
1332 1094
1521 1069
872 857
959 1065
872 850
692 1673
59 1586
659 1704
1602 981
816 589
1035 974
1546 917
603 1704
1169 1238
946 578
419 451
1421 1015
869 1104
560 1046
1136 1686
1246 1320
1245 1158
788 477
708 1645
1509 1543
1685 74
1640 303
1332 1203
1214 612
209 565
242 1563
1581 1631
209 639
478 1383
235 1293
869 870
845 1704
1481 860
1687 1684
1030 1067
506 1598
854 122
1444 333
1580 947
1351 625
478 1037
1211 1712
1021 970
1211 1243
845 386
225 1089
645 1035
976 565
273 1655
1559 1605
468 1311
1159 1684
310 1244
1645 1476
659 639
1044 1669
1625 1605
1512 1681
1067 1212
62 936
1523 377
62 930
668 571
1617 303
1617 1542
368 1602
368 1603
1243 1330
368 1607
1525 446
621 1560
151 840
1015 1186
825 975
1080 1048
825 972
1653 736
743 1259
1476 1727
669 1650
1607 1603
344 743
344 740
524 481
1614 16
303 1739
227 1430
217 838
53 54
53 52
535 1354
1490 1529
1541 930
1632 267
788 862
1015 551
1596 1637
1480 1727
156 52
1021 1022
1021 1023
1021 1024
1021 1025
1021 1027
712 1374
1588 978
63 1588
63 1589
31 55
314 1042
1699 344
970 1015
1237 1614
344 1603
587 757
442 428
964 1588
959 1217
68 1570
209 1730
442 1685
1088 537
136 1273
243 1542
845 922
1319 1259
1104 1175
597 1678
668 1612
1261 191
1615 1373
597 1675
1328 1621
1111 1579
1332 1171
506 1103
551 926
1108 438
377 206
273 1594
595 1468
672 229
1260 1580
85 1554
1183 1240
147 930
1352 753
1024 1516
1466 632
46 1603
845 1514
46 1607
1653 1202
1256 802
1373 1581
319 1203
1373 1584
349 342
1021 238
53 1292
966 238
288 156
743 1065
312 766
154 592
804 816
941 947
941 940
805 551
941 948
1212 1557
460 1247
669 753
362 992
1353 1704
818 1359
1671 1687
1671 1684
393 287
1605 1263
1463 228
745 25
52 1607
52 1354
52 1603
52 1602
862 304
544 1532
1650 1594
950 645
183 1486
1217 1065
1317 1579
981 1353
981 1351
1171 1559
944 643
968 1313
1171 1554
1171 1555
453 164
977 1553
1082 1092
53 1603
1640 1559
1640 1554
891 1158
1218 1614
1423 995
822 936
1439 1645
1653 1580
225 222
1718 1202
1332 397
597 1241
1638 1652
585 1579
1412 747
1214 1313
1197 773
1256 795
1638 1656
404 709
1535 1551
1451 630
1386 1050
1211 645
946 551
53 743
460 256
1485 1114
1021 802
1589 1158
206 971
1626 1594
1626 1599
754 551
1214 630
959 423
1159 964
79 333
1742 333
242 1541
872 383
544 344
477 1532
1327 537
753 1067
460 643
944 1280
1293 1348
1243 817
1094 1751
1021 956
544 1704
1021 958
1547 1609
645 1540
672 1093
154 362
1191 1551
782 1299
506 1645
1159 1660
1612 1589
1612 1588
1021 627
1588 850
365 551
1508 630
1485 1238
595 1612
941 1292
62 1570
409 404
1653 1076
666 537
1346 1703
745 493
1468 1210
1468 1211
1551 506
1008 460
9 1081
273 1632
1423 1379
366 1158
1638 1594
1243 679
1653 715
151 310
386 1319
1270 1697
1243 1034
1541 736
1638 1158
639 1602
745 232
745 236
11 485
639 1608
62 1286
1417 1684
213 435
788 1095
995 1439
288 922
1602 1292
1650 1563
1561 1653
164 997
1364 1330
1502 1210
777 753
968 1032
1563 639
219 1585
1094 1114
1612 60
1431 245
163 568
1480 1703
643 428
1516 1137
1021 1045
1562 715
1408 450
1237 1581
358 371
1588 1704
1653 1476
1408 459
872 948
583 816
1334 1550
526 1283
207 358
1521 646
970 1032
816 281
478 643
1129 1089
442 409
1492 1034
113 1171
1197 1720
344 959
235 1621
1067 707
1104 1113
33 353
1328 460
303 79
649 1542
698 1480
1518 1032
340 1602
340 1603
1089 766
1259 1293
1640 814
634 584
1373 1614
349 1094
1373 1616
769 1325
1630 201
506 927
657 1703
242 1158
1214 1451
1607 931
1082 221
996 1665
745 1305
672 1138
736 639
1490 1113
603 1570
482 1612
791 1241
1467 773
1560 1664
1615 319
181 551
1351 1671
1284 715
1242 1208
936 1067
31 1114
941 922
319 1485
715 1244
1407 1079
1108 1493
1521 1170
1108 1494
1605 1245
1704 1684
750 1202
1254 1089
1652 1286
1211 1108
1351 872
356 1313
790 897
1239 1731
1211 1104
861 888
1624 1621
1616 1203
1244 639
253 1566
981 1374
1346 450
1686 1202
1596 206
1136 460
344 1410
1030 1541
99 71
581 1585
40 1607
334 333
40 1603
673 1247
1580 46
943 634
476 415
381 1087
668 1191
603 63
816 630
747 1383
206 1645
1660 743
614 1074
464 741
226 1671
788 1281
1460 1494
1516 596
1460 1493
1559 1203
1284 1067
708 1067
378 1244
950 870
1512 714
1516 1465
176 1202
373 1079
1168 1069
978 481
712 1684
544 1354
1168 1063
362 657
542 960
1562 1650
675 1663
1202 242
1108 298
314 316
1256 1145
314 318
1453 218
818 634
314 1728
1030 438
1556 639
618 1408
791 1651
1094 481
1354 743
45 1720
1580 903
544 1720
1602 723
736 1645
806 757
1512 1008
1319 1041
1505 1706
840 1652
840 1654
481 816
1191 1531
782 523
1318 888
672 589
383 1713
715 1650
156 344
918 1003
386 1159
743 1748
1261 714
743 214
381 1579
258 862
1304 1580
1624 1102
811 1168
1266 1286
407 1724
1650 1727
1439 1497
409 1247
621 641
1645 1618
151 1569
639 1621
151 1563
978 1158
1468 1490
321 339
235 693
950 1712
157 973
106 981
930 1645
920 580
1040 1166
377 1439
786 628
344 706
288 947
845 709
1105 1460
164 973
466 1491
466 1493
1015 592
1015 596
266 1158
1094 1171
430 507
1285 691
1364 1034
643 409
1319 1607
1319 1602
1206 276
1214 652
1605 219
1512 249
163 1037
940 947
583 874
869 1330
544 1290
1298 1285
453 460
508 1102
335 333
1559 470
442 460
478 667
1044 319
1386 1202
347 1169
344 1602
353 1351
344 1607
891 1232
344 1351
1284 1653
224 1247
217 344
206 1580
741 1570
1518 1509
947 1570
986 984
610 1588
1433 1408
1581 1438
238 818
180 460
1373 1631
238 811
1476 646
238 816
1114 1602
1275 1203
347 670
9 1430
713 1240
104 791
1212 1476
1718 219
700 1594
506 1497
203 1542
1615 333
938 1244
377 977
936 1511
1045 1289
97 99
1739 750
1472 1734
1352 715
1637 1158
643 1247
1704 639
502 948
1465 992
758 542
1586 1049
1652 1263
506 279
1021 1441
917 1012
1351 857
1351 850
1268 681
1171 1373
109 964
944 460
1546 1202
1361 1516
1321 389
890 1263
257 580
408 482
1704 1748
237 234
1735 243
980 930
235 747
510 791
